Re: -1.768461603911908183036447090626460022009837885434
Im: -0.001979905378413578663075277341357795648607780894
Zoom: 7.92281625142E28
Iterations: 500002
IterDiv: 1.000000
SmoothMethod: 0
ColorMethod: 4
ColorOffset: 0
Rotate: 0.000000
Ratio: 360.000000
Colors: 85,202,63,211,234,30,76,216,161,235,70,250,68,40,99,110,198,71,83,243,121,165,22,88,129,36,16,63,137,22,95,34,181,94,108,147,215,209,192,200,229,227,26,86,171,127,190,61,189,54,15,37,176,156,96,231,137,239,8,79,118,250,180,33,188,57,2,89,241,62,75,183,107,83,191,123,248,97,184,110,207,17,72,33,199,48,20,121,199,88,102,107,126,205,125,5,84,165,40,174,160,44,147,174,27,134,96,241,149,150,249,7,230,31,37,112,40,41,218,23,35,167,83,28,9,86,97,214,100,232,6,25,76,98,64,180,221,195,35,62,232,230,42,19,233,169,207,153,57,79,89,200,133,35,246,233,127,94,9,157,211,75,197,34,93,169,251,210,153,81,48,236,91,25,243,151,192,247,110,36,100,106,58,148,213,21,120,90,72,173,29,98,139,22,141,81,59,201,108,15,55,121,176,131,84,246,251,157,83,81,41,154,16,65,36,131,251,197,0,247,204,11,68,43,115,145,133,47,78,138,58,115,159,131,203,137,61,70,235,44,138,255,40,130,164,157,192,158,224,123,183,73,116,64,38,2,115,4,214,67,255,180,13,6,186,183,168,136,125,209,106,77,77,72,148,100,138,70,182,236,106,127,196,215,166,19,108,238,115,182,167,21,180,14,143,209,110,92,112,7,124,95,33,7,132,118,149,200,41,4,173,117,130,24,80,41,203,78,190,248,91,240,33,46,214,97,102,219,164,188,74,143,162,184,184,98,23,207,82,55,233,159,78,66,17,144,131,200,76,183,195,38,19,250,108,21,206,117,58,44,69,29,95,167,87,163,214,102,238,156,244,57,50,222,64,90,253,45,132,59,143,23,36,130,132,28,175,82,3,18,180,205,55,200,215,215,3,234,35,28,241,36,162,84,108,138,43,198,48,56,124,10,254,53,137,20,148,158,19,110,220,0,123,197,100,5,217,167,14,83,73,139,9,177,133,18,255,107,185,140,144,248,146,190,0,219,152,227,44,199,191,240,195,6,56,28,178,28,141,160,224,167,237,187,28,137,197,250,84,73,144,182,7,183,239,222,252,207,252,247,53,224,219,96,31,238,147,219,11,84,28,73,225,173,186,181,19,245,137,148,209,236,88,75,124,187,186,242,92,218,91,88,149,49,145,71,87,126,51,9,86,246,174,42,122,47,85,128,215,61,249,105,223,28,186,84,214,78,28,131,135,196,94,15,54,2,7,44,213,127,193,174,123,74,106,204,17,243,105,36,79,169,62,0,231,160,93,216,255,182,61,24,229,85,172,34,254,155,101,151,0,184,228,211,97,152,121,182,16,195,156,170,98,129,128,225,79,65,235,223,222,59,68,57,222,85,238,156,215,67,212,16,64,243,69,126,242,40,3,112,221,101,150,25,250,12,230,149,128,199,9,114,91,39,90,110,218,139,203,130,168,68,124,32,253,246,140,186,21,65,47,131,226,161,0,121,254,147,153,163,227,250,97,151,94,192,166,64,65,192,236,222,89,228,132,78,159,138,96,140,178,45,37,118,133,65,130,211,85,94,193,147,223,161,155,88,207,80,81,54,123,188,248,183,209,108,20,35,142,119,105,254,178,50,14,209,48,11,195,46,233,181,132,238,219,134,95,189,150,29,130,217,240,71,152,22,250,36,86,38,51,133,80,23,251,153,18,29,74,201,108,146,161,224,13,59,65,111,83,205,156,112,98,175,9,41,116,2,
Smooth: 1
MultiColor: 0
BlendMC: 0
MultiColors: 
Power: 2
FractalType: 0
Slopes: 0
SlopePower: 50
SlopeRatio: 50
SlopeAngle: 45
imag: 1
real: 1
SeedR: 0
SeedI: 0
FactorAR: 1
FactorAI: 0
