Re: -0.74534259468861902075884624517401
Im: -0.1130420622554158639356757902895
Zoom: 1.12589990684E15
Iterations: 100002
IterDiv: 1.000000
SmoothMethod: 0
ColorMethod: 4
ColorOffset: 0
Rotate: 0.000000
Ratio: 360.000000
Colors: 30,54,69,2,60,173,179,130,159,27,224,214,82,52,65,240,145,15,33,61,36,42,149,204,236,175,179,179,188,245,255,175,106,74,38,10,37,240,239,194,8,101,110,231,240,231,123,69,139,56,98,67,178,159,220,11,249,47,62,235,132,75,241,251,28,106,34,1,129,24,186,145,2,62,145,121,76,162,222,92,128,177,243,156,136,125,39,125,170,2,19,136,93,173,1,46,92,31,161,174,250,46,254,57,181,44,177,83,13,108,84,124,151,3,58,16,77,204,93,108,40,175,152,82,241,34,23,143,84,239,11,218,54,56,162,0,72,185,54,62,220,78,197,238,248,181,161,103,169,148,104,30,154,190,55,17,229,178,27,101,41,101,200,77,221,65,142,47,228,109,136,2,97,79,23,251,204,79,142,104,70,222,47,220,41,183,87,140,228,101,245,249,6,6,64,207,152,78,170,13,176,207,15,103,67,119,51,233,59,90,107,220,201,177,154,237,253,35,95,140,148,68,141,147,17,92,220,40,15,105,222,228,213,103,52,53,43,206,1,0,108,93,159,139,221,22,145,155,61,138,185,217,157,86,203,122,114,238,2,31,233,153,18,250,122,189,93,51,192,93,105,138,136,224,146,61,40,20,252,44,18,114,204,59,168,164,152,248,82,68,27,126,206,231,46,153,200,90,244,42,171,43,84,205,182,107,172,186,82,179,195,233,163,101,0,122,93,52,218,83,217,231,144,11,104,89,26,7,231,197,95,226,147,64,168,18,31,135,85,201,4,251,207,26,25,234,189,93,99,16,123,212,46,94,199,143,92,250,190,140,254,134,8,35,33,165,79,161,234,187,245,52,230,245,6,7,155,138,107,173,99,64,97,195,122,49,42,209,85,207,2,114,53,38,85,181,253,97,47,194,64,144,244,193,159,168,81,247,82,203,114,50,4,202,118,104,228,233,32,155,249,226,207,255,181,44,176,95,206,124,50,189,73,141,186,57,216,29,153,52,101,56,59,180,239,184,160,10,149,13,16,179,240,58,11,125,166,32,128,234,60,255,63,217,44,58,175,99,56,90,196,4,253,86,44,251,203,18,201,243,180,37,100,226,227,223,160,50,48,139,44,31,241,241,61,96,18,31,60,9,104,105,187,176,66,175,174,206,65,222,216,105,106,185,131,240,122,218,116,103,121,243,30,195,146,90,22,152,34,197,199,241,15,82,103,127,91,202,42,247,249,38,181,181,223,82,213,165,92,50,113,99,172,227,189,161,202,67,177,202,133,179,186,228,214,27,175,187,113,47,6,60,154,241,72,31,58,119,194,201,50,239,126,112,239,224,113,128,62,179,246,61,98,113,123,170,101,206,122,170,171,103,172,102,205,72,121,238,164,177,178,35,163,26,130,212,106,116,162,39,153,178,205,59,226,136,116,11,99,114,178,150,50,249,130,61,57,50,48,108,68,135,13,124,88,185,103,216,71,38,184,95,129,72,30,10,45,127,11,207,120,16,62,197,45,109,242,136,135,183,85,223,67,129,59,156,248,215,20,196,171,126,27,240,158,126,209,243,106,222,170,189,77,175,6,128,197,76,98,17,94,223,208,144,200,39,164,75,44,121,113,224,192,5,52,162,154,91,206,62,194,46,184,159,138,87,242,14,34,28,60,158,103,179,137,199,252,2,177,81,156,169,102,115,174,66,105,61,26,231,253,51,92,245,157,59,215,16,234,185,107,104,231,248,73,58,104,204,
Smooth: 1
MultiColor: 0
BlendMC: 0
MultiColors: 
Power: 2
FractalType: 0
Slopes: 0
SlopePower: 50
SlopeRatio: 50
SlopeAngle: 45
imag: 1
real: 1
SeedR: 0
SeedI: 0
FactorAR: 1
FactorAI: 0
