Re: -1.7834988268948156583078451714743388506014636695065
Im: -0.0153986099182102361077576525701162799715699587385
Zoom: 1.20000000000E23
Iterations: 30010
IterDiv: 12.000000
SmoothMethod: 0
ColorMethod: 0
ColorOffset: 0
Rotate: 0.000000
Ratio: 360.000000
Colors: 122,223,165,39,18,45,181,65,34,34,172,29,143,28,61,46,76,81,148,131,126,102,151,249,222,61,108,176,95,14,59,187,18,185,53,28,70,90,213,239,243,30,101,229,89,86,197,244,228,202,104,77,83,80,159,143,25,157,26,58,3,90,171,102,28,123,78,181,206,204,103,134,73,204,74,107,41,191,0,222,82,255,73,47,31,147,221,193,189,2,247,118,209,105,20,104,97,204,248,218,241,170,243,110,236,212,98,152,70,127,120,82,96,151,63,17,44,86,217,248,145,22,12,76,17,99,254,41,169,85,60,115,248,28,1,14,164,221,182,82,250,189,181,185,212,59,82,219,192,194,28,157,94,126,96,165,10,112,239,17,187,189,33,104,43,76,26,208,57,143,76,130,139,161,61,124,119,146,139,117,36,255,45,22,236,229,251,103,5,182,113,136,97,173,176,161,210,95,197,27,114,148,46,17,66,84,154,1,17,69,241,200,160,52,148,205,3,241,230,124,74,96,11,246,97,205,240,6,53,128,139,88,24,145,100,229,103,254,84,178,106,251,140,186,123,137,218,40,107,74,40,202,33,148,70,195,132,196,233,128,156,213,243,237,243,49,244,232,66,198,241,246,73,93,101,52,255,39,134,145,235,153,201,59,210,122,168,87,146,59,163,245,78,134,133,67,203,25,232,0,26,213,251,52,120,18,131,31,114,54,32,111,77,134,210,182,164,60,187,26,83,217,39,79,148,188,201,194,104,244,71,23,57,83,250,214,189,195,239,97,29,221,49,42,87,184,74,34,225,255,7,117,143,71,124,116,182,159,72,210,146,104,26,20,229,103,116,67,225,24,175,228,72,69,64,42,210,216,57,105,207,238,19,206,
Smooth: 1
MultiColor: 0
BlendMC: 0
MultiColors: 
Power: 2
FractalType: 0
Slopes: 0
SlopePower: 50
SlopeRatio: 50
SlopeAngle: 45
imag: 1
real: 1
SeedR: 0
SeedI: 0
FactorAR: 1
FactorAI: 0
