Re: -1.7693856430743922722383166160604256263996
Im: -0.0028204149166215552753377426573354011103
Zoom: 1.40737488355E14
Iterations: 3001
IterDiv: 2.000000
SmoothMethod: 0
ColorMethod: 0
ColorOffset: 0
Rotate: 1.570796
Ratio: 360.000000
Colors: 129,129,41,174,85,172,244,162,189,234,21,233,30,94,51,103,99,152,169,211,240,188,34,3,215,224,101,106,79,181,114,223,98,106,205,159,229,205,26,150,173,180,234,218,0,155,213,121,74,142,201,116,17,74,161,11,43,159,249,59,47,24,65,134,41,222,17,242,146,218,188,84,127,26,40,206,24,118,221,151,76,115,91,250,195,103,177,162,20,222,75,20,57,61,12,125,64,165,157,174,66,26,4,101,153,229,120,206,78,54,115,73,209,14,10,110,237,92,122,78,250,103,3,252,85,107,249,77,13,135,24,219,223,214,24,80,101,221,129,225,138,37,193,24,65,40,123,215,119,114,35,154,69,0,200,252,107,236,48,125,250,76,42,130,80,87,32,157,73,201,236,15,180,137,236,139,4,137,89,61,72,238,212,11,94,114,66,27,99,6,218,149,109,187,124,170,125,226,69,213,175,114,96,96,180,171,31,43,130,249,74,169,74,27,183,43,171,132,26,97,37,2,31,29,208,157,182,91,78,194,174,127,254,161,134,221,114,211,128,126,36,64,246,33,100,64,241,129,149,0,248,214,153,40,38,158,138,186,128,157,171,61,133,35,158,28,6,141,215,73,55,14,80,37,7,176,126,164,173,149,133,172,131,131,168,191,24,160,3,218,128,121,124,157,239,73,247,171,135,121,201,84,109,99,111,114,34,91,129,144,17,240,225,82,100,111,56,17,28,169,163,197,97,246,169,40,22,122,113,24,177,167,49,61,74,3,234,237,241,44,83,76,69,25,18,184,67,162,50,100,91,67,210,66,201,29,26,39,34,61,116,42,45,33,248,77,245,120,39,95,28,42,221,32,114,152,129,167,198,37,127,1,253,245,
Smooth: 1
MultiColor: 0
BlendMC: 0
MultiColors: 
Power: 2
FractalType: 0
Slopes: 0
SlopePower: 50
SlopeRatio: 50
SlopeAngle: 45
imag: 1
real: 1
SeedR: 0
SeedI: 0
FactorAR: 1
FactorAI: 0
