Re: -1.768741690174683024187055555776177442141539110566640244584297189390620103
Im: -0.0015028061017242937601864512285630092355098673241095984021672032255921845
Zoom: 5.84600654932E48
Iterations: 3200002
IterDiv: 500.000000
SmoothMethod: 0
ColorMethod: 5
ColorOffset: 0
Rotate: 0.000000
Ratio: 360.000000
Colors: 0,0,0,228,152,94,218,174,74,91,231,183,224,201,75,190,106,139,46,224,231,175,50,196,172,70,248,23,10,114,229,56,43,192,38,52,61,184,241,244,210,179,14,181,135,237,151,185,228,219,252,60,132,191,73,170,118,121,172,15,226,160,50,207,240,209,209,151,229,71,171,147,144,172,145,226,228,47,198,71,230,215,6,33,202,23,199,157,88,162,191,42,149,128,166,45,160,98,61,246,218,51,143,243,73,239,119,36,63,184,98,207,54,39,86,117,255,224,52,4,28,105,58,78,106,60,203,186,3,26,115,58,98,163,38,125,200,36,200,101,223,176,243,187,157,114,244,34,108,65,22,73,136,117,36,101,168,249,41,223,224,162,122,73,198,191,246,151,212,242,141,140,13,62,255,114,227,96,230,14,89,99,247,211,101,111,133,86,152,226,70,2,0,161,90,13,78,177,137,170,52,1,205,129,17,138,16,92,208,154,54,35,13,109,94,10,122,254,101,9,130,28,172,141,44,192,28,109,65,158,103,31,177,250,144,44,51,189,173,225,44,200,236,71,210,136,212,86,145,203,205,102,174,210,227,230,42,167,199,80,233,177,22,92,19,133,222,117,187,255,95,105,190,146,14,100,238,220,224,31,112,125,196,85,99,42,113,119,194,253,99,160,140,15,32,203,34,73,192,68,240,119,172,92,79,158,166,97,170,144,10,205,224,189,83,190,234,76,224,166,190,107,249,68,115,227,13,211,165,239,61,129,27,78,31,34,167,151,187,38,78,205,218,200,169,51,129,137,139,97,184,221,229,152,143,36,230,83,99,219,102,30,94,20,132,171,61,35,142,35,86,155,34,186,217,121,147,134,86,158,142,145,127,131,
Smooth: 1
MultiColor: 0
BlendMC: 0
MultiColors: 
Power: 2
FractalType: 0
Slopes: 0
SlopePower: 50
SlopeRatio: 50
SlopeAngle: 45
imag: 1
real: 1
SeedR: 0
SeedI: 0
FactorAR: 1
FactorAI: 0
