Re: -1.33308621214356682131867177466972134230194820718213296339523395798981936936812739673718095
Im: -0.00000436088599302902134668927444113240038090161071985952904104995752746243617063389092605
Zoom: 2.50000000000E66
Iterations: 30004
IterDiv: 16.000000
SmoothMethod: 0
ColorMethod: 0
ColorOffset: 0
Rotate: 0.000000
Ratio: 720.000000
Colors: 122,14,12,163,177,138,155,125,226,27,149,23,114,38,126,253,247,225,102,46,36,24,133,116,167,148,221,170,147,51,113,51,108,138,198,212,78,123,66,97,64,103,233,186,201,132,123,81,0,93,101,155,124,186,221,204,96,87,12,103,93,204,169,131,111,109,109,129,109,185,69,151,153,244,119,13,12,118,126,176,132,250,133,126,93,133,131,41,59,114,162,225,130,149,69,146,131,107,98,148,179,130,57,111,162,101,86,83,245,165,126,120,154,179,6,34,72,163,218,119,201,92,196,94,118,64,113,105,110,111,218,212,101,0,60,207,214,98,148,107,226,3,125,59,139,79,84,242,230,238,87,27,63,61,158,71,153,156,246,131,103,69,152,93,58,154,193,250,36,100,78,109,76,46,252,213,251,108,75,90,16,119,36,167,138,247,180,176,102,105,13,30,130,238,240,89,76,114,97,128,27,225,104,230,138,214,126,0,6,28,150,206,217,229,119,137,86,105,32,82,106,202,140,202,145,115,55,40,174,129,186,155,188,150,19,67,52,120,129,171,252,159,151,97,129,67,32,49,156,165,241,149,159,49,84,122,141,144,143,124,143,67,183,102,99,9,134,240,241,134,126,77,120,2,120,126,160,120,122,211,193,138,90,28,123,103,183,107,121,146,155,104,73,123,196,141,90,151,166,169,7,87,126,132,99,73,247,219,180,89,34,133,51,160,57,159,134,188,140,147,143,141,35,40,152,253,193,46,39,155,105,146,26,249,127,193,114,173,168,10,22,15,165,225,190,191,95,182,99,96,7,122,150,183,100,160,195,98,60,2,216,153,174,143,177,206,1,39,2,144,177,163,236,133,216,86,115,5,72,77,151,147,240,223,
Smooth: 1
MultiColor: 0
BlendMC: 0
MultiColors: 
Power: 3
FractalType: 14
Slopes: 0
SlopePower: 50
SlopeRatio: 50
SlopeAngle: 45
imag: 1
real: 1
SeedR: 0
SeedI: 0
FactorAR: 1
FactorAI: 0
