Re: -1.9999999999654898629500575765224081443925224954900306641254406286833950125768837584326061910621810273378630156925578123899755319316539604979546601674080493915047281763612602755102298201732518154420297455849483593928568955120742909310112714467098630742700574820020845
Im: 0
Zoom: 2.06579990246E121
Iterations: 4021
IterDiv: 1.000000
SmoothMethod: 1
ColorMethod: 0
ColorOffset: 4
Rotate: 0.000000
Ratio: 360.000000
Colors: 14,183,114,147,232,171,73,48,234,92,87,224,137,179,242,117,221,190,252,18,14,85,0,237,9,253,125,84,119,12,130,238,239,14,123,68,106,104,75,127,248,59,155,115,178,139,113,221,240,161,4,233,188,173,207,248,134,176,228,159,25,153,131,243,205,174,235,4,254,46,112,167,190,53,206,121,199,223,189,32,179,176,197,212,112,52,84,31,238,226,14,224,26,70,100,150,16,96,104,219,140,71,223,47,162,17,152,247,176,247,253,197,144,181,232,218,18,48,184,234,169,91,163,31,100,91,78,96,32,234,154,210,253,249,193,159,14,153,163,247,85,27,90,85,238,118,20,4,138,234,34,225,31,227,76,98,222,32,104,215,102,20,43,240,55,141,62,128,105,147,148,128,158,147,252,87,53,189,242,89,192,170,187,141,184,66,177,179,112,221,219,133,72,168,192,62,35,75,125,89,27,200,22,155,115,166,10,83,204,80,42,225,156,184,170,117,221,63,121,25,2,217,206,242,47,108,4,194,169,122,167,178,140,0,207,79,188,158,172,210,29,247,99,164,7,91,24,33,244,164,76,157,124,93,106,164,132,42,156,134,178,99,227,19,36,3,103,164,97,193,12,91,143,124,69,171,231,220,45,26,103,55,212,69,198,177,214,37,173,168,51,146,36,79,90,5,75,152,135,162,74,88,79,118,138,166,122,253,38,131,16,231,156,193,182,27,201,29,59,253,20,175,111,236,233,132,52,15,105,137,215,82,95,170,160,171,118,60,167,162,170,152,234,16,253,9,157,39,107,233,193,178,31,6,248,158,231,75,152,186,230,156,254,187,137,1,37,131,188,7,119,163,93,99,226,30,240,217,47,112,149,92,143,206,
Smooth: 1
MultiColor: 0
BlendMC: 0
MultiColors: 
Power: 2
FractalType: 0
Slopes: 0
SlopePower: 50
SlopeRatio: 50
SlopeAngle: 45
imag: 1
real: 1
SeedR: 0
SeedI: 0
FactorAR: 1
FactorAI: 0
