Re: -1.766609691764047836726141120965081281953115649932386780527982527809027756612442698479486149438135846414695
Im: -0.04416057212780139711122143508241506641757635018517215884341986138923766134599746756671268296505788776762
Zoom: 1.80000000000E79
Iterations: 6064
IterDiv: 2.000000
SmoothMethod: 0
ColorMethod: 0
ColorOffset: 7
Rotate: 1.405261
Ratio: 360.000000
Colors: 198,145,202,87,91,188,224,206,149,112,192,117,230,116,118,145,218,158,216,224,213,178,127,250,185,207,245,203,232,200,146,120,144,216,174,108,107,218,112,211,99,147,75,126,183,189,188,190,57,74,154,151,75,93,53,154,38,106,54,20,64,33,44,61,129,89,85,52,123,28,12,120,111,120,82,11,71,35,135,15,11,18,129,30,153,109,85,46,39,145,161,149,177,91,159,169,160,75,132,144,172,99,152,206,99,195,111,138,141,185,197,234,239,242,131,136,247,252,181,211,125,249,159,246,142,123,125,155,126,216,234,162,129,132,202,169,113,214,135,201,183,114,111,123,141,65,65,62,159,39,142,91,56,23,24,97,136,123,130,4,83,127,124,2,88,10,101,36,107,94,3,38,4,13,89,98,61,82,124,119,76,30,154,132,111,149,71,167,114,179,72,79,79,132,75,214,210,113,99,117,174,230,150,225,128,242,240,225,152,212,161,153,164,202,253,130,192,170,132,167,138,170,212,238,214,126,168,234,216,105,211,90,202,154,202,151,94,64,65,63,171,154,74,53,129,111,129,28,144,57,109,143,83,114,103,74,6,46,43,76,5,98,114,6,17,8,46,124,64,100,12,132,136,145,34,133,29,73,97,158,165,59,67,79,51,161,93,83,117,202,145,157,129,202,171,117,224,147,231,204,217,173,161,136,131,128,246,241,130,127,199,168,252,128,218,124,228,247,233,203,232,126,108,180,194,191,121,132,188,87,142,76,94,139,142,130,87,163,163,142,45,165,40,91,126,140,139,66,11,24,17,131,52,8,4,126,40,116,25,90,21,34,125,97,131,122,58,49,86,81,39,44,106,152,28,72,93,55,157,61,114,73,180,173,
Smooth: 1
MultiColor: 0
BlendMC: 1
MultiColors: 7	0	2,
Power: 2
FractalType: 0
Slopes: 0
SlopePower: 50
SlopeRatio: 50
SlopeAngle: 45
imag: 1
real: 1
SeedR: 0
SeedI: 0
FactorAR: 1
FactorAI: 0
