Re: -1.783498826894815658307735504807672183934797002839
Im: -0.015398609918210236107757652570116279971569958738
Zoom: 1.20000000000E23
Iterations: 30010
IterDiv: 12.000000
SmoothMethod: 0
ColorMethod: 0
ColorOffset: 0
Rotate: 0.000000
Ratio: 360.000000
Colors: 27,80,107,157,130,183,88,117,72,166,166,147,238,119,138,121,48,113,191,225,104,132,126,204,25,14,7,123,229,247,46,137,48,72,39,144,199,181,154,119,135,90,202,114,135,218,113,152,87,112,90,158,201,133,77,64,178,16,82,20,137,250,252,67,56,25,132,69,174,232,235,128,129,84,108,205,90,124,169,163,166,45,124,67,130,142,167,48,73,141,42,150,48,174,198,242,101,14,17,184,151,193,234,224,108,110,16,122,179,137,115,108,197,176,17,74,46,125,126,200,52,126,100,96,152,87,215,132,218,126,48,24,207,208,199,202,150,98,70,5,127,145,215,115,61,160,177,22,26,34,149,177,227,80,147,59,155,102,129,237,123,184,125,109,43,197,192,194,145,84,97,31,66,125,124,247,123,45,78,168,61,47,35,191,239,244,114,98,26,197,73,171,225,173,145,96,123,69,165,136,180,87,87,105,15,133,115,132,204,140,61,28,148,120,126,49,227,239,246,129,24,6,207,115,205,181,213,109,53,72,98,133,118,162,51,138,117,34,140,101,165,140,162,94,52,119,175,188,75,237,170,232,116,2,0,185,197,227,120,183,79,21,18,125,124,169,144,48,162,129,84,90,87,207,129,186,123,110,85,205,179,112,211,103,204,79,54,11,151,239,235,69,102,60,18,29,144,142,237,131,74,116,137,144,55,77,235,179,206,127,126,52,201,126,153,157,100,166,38,120,35,126,205,228,46,45,54,51,103,154,182,247,125,108,37,137,191,92,75,231,226,218,103,75,25,172,106,193,97,151,123,15,129,69,128,144,210,56,61,58,108,169,155,221,187,127,128,5,129,207,175,84,191,205,218,61,13,8,139,155,226,55,180,82,
Smooth: 1
MultiColor: 0
BlendMC: 0
MultiColors: 
Power: 2
FractalType: 0
Slopes: 0
SlopePower: 50
SlopeRatio: 50
SlopeAngle: 45
imag: 1
real: 1
SeedR: 0
SeedI: 0
FactorAR: 1
FactorAI: 0
