Re: -0.77269120737552786539073072511970792928185
Im: -0.1251990920271341091540604318932094420821
Zoom: 7.55578637256E22
Iterations: 4033
IterDiv: 3.000000
SmoothMethod: 0
ColorMethod: 0
ColorOffset: 0
Rotate: 0.000000
Ratio: 360.000000
Colors: 120,64,105,115,88,193,123,137,248,142,179,240,157,186,171,150,154,82,118,104,19,83,68,14,76,70,67,109,109,144,162,160,202,196,188,214,180,176,180,118,131,128,55,83,89,40,64,81,90,85,98,173,134,122,226,177,131,208,187,123,126,157,112,40,107,115,13,69,138,71,69,171,172,107,187,242,157,168,229,187,116,138,177,57,37,134,26,1,85,49,56,64,118,163,83,199,243,131,247,238,176,232,151,188,160,47,160,69,3,109,8,49,70,11,150,68,72,230,104,157,232,154,219,159,186,228,66,179,185,21,137,120,54,88,70,136,64,58,204,81,83,212,128,121,159,174,146,88,188,147,52,162,134,72,113,125,126,72,133,173,67,152,179,101,164,149,152,152,110,186,113,91,181,67,100,140,44,124,90,66,140,64,129,139,79,200,129,124,239,126,172,220,132,189,147,137,165,59,130,116,4,110,73,13,96,66,81,103,98,171,135,149,234,169,185,238,177,182,186,144,143,109,90,93,51,56,65,39,73,77,72,134,122,125,197,170,164,212,189,171,162,167,154,80,119,131,26,75,122,45,65,129,126,96,141,213,146,137,239,184,114,182,184,81,80,146,65,10,96,84,24,65,136,114,75,196,215,119,227,252,167,204,197,189,135,90,170,54,9,122,6,15,77,20,102,65,93,205,93,183,250,143,244,203,182,242,103,185,180,23,149,95,20,98,33,94,66,24,187,73,67,232,116,133,198,165,183,117,189,194,48,172,170,40,124,132,94,79,107,164,64,105,201,90,118,181,140,127,126,180,120,80,186,101,73,152,88,103,101,101,142,67,140,161,72,186,152,113,209,129,162,186,113,188,124,114,174,52,123,128,13,126,81,33,
Smooth: 1
MultiColor: 0
BlendMC: 0
MultiColors: 
Power: 2
FractalType: 0
Slopes: 0
SlopePower: 50
SlopeRatio: 50
SlopeAngle: 45
imag: 1
real: 1
SeedR: 0
SeedI: 0
FactorAR: 1
FactorAI: 0
