Re: -1.262642274928508352789882424668659435740460151273538030987089114352441135106545839484352990654160921956345117937532003017
Im: -0.039543710728033705629183426339858782267231294143682486190859308276688768671402946238355151623579162155740191679364418472
Zoom: 4.27197407184E96
Iterations: 6129
IterDiv: 5.000000
SmoothMethod: 0
ColorMethod: 0
ColorOffset: 0
Rotate: 0.135921
Ratio: 360.000000
Colors: 151,254,115,138,142,152,106,147,240,64,69,197,72,167,1,2,135,77,46,96,246,160,142,114,111,104,222,202,205,98,244,187,161,43,10,100,39,96,90,233,120,4,235,4,0,34,170,189,51,179,188,117,124,193,19,41,118,205,63,245,95,111,135,215,202,60,57,182,147,236,62,163,24,189,241,94,166,18,50,28,50,96,181,135,74,74,160,7,75,11,86,64,211,21,141,220,121,247,167,138,188,132,63,70,58,50,2,220,35,192,192,167,236,28,194,159,72,131,95,147,84,234,202,178,17,157,46,80,24,38,253,231,137,112,133,92,69,44,196,132,93,116,125,231,202,174,139,196,94,180,118,85,250,50,68,83,2,79,145,189,14,143,226,214,226,247,55,109,161,115,223,96,61,118,144,99,50,224,183,254,116,36,13,213,165,170,107,44,140,114,223,170,195,251,255,93,175,99,125,255,181,207,252,120,171,13,34,163,141,120,239,85,114,28,77,156,190,27,232,68,152,80,63,160,159,49,252,135,216,250,128,156,235,8,195,210,144,130,91,48,68,63,218,210,64,228,93,49,171,77,98,164,15,47,218,38,10,251,128,89,70,5,104,203,170,229,219,120,210,29,98,145,189,253,33,124,198,196,102,28,214,8,130,82,215,88,216,196,108,31,51,221,223,203,93,21,91,47,237,114,91,38,96,78,98,122,107,92,237,4,144,230,165,20,240,88,218,19,96,2,45,102,190,26,140,150,134,0,100,174,160,198,17,229,124,240,154,125,97,120,155,235,2,22,130,56,83,190,254,167,154,105,181,152,201,24,54,172,11,22,46,42,157,126,222,162,223,254,204,208,171,218,185,194,229,52,212,61,83,138,45,94,175,128,
Smooth: 1
MultiColor: 0
BlendMC: 0
MultiColors: 
Power: 2
FractalType: 0
Slopes: 0
SlopePower: 50
SlopeRatio: 50
SlopeAngle: 45
imag: 1
real: 1
SeedR: 0
SeedI: 0
FactorAR: 1
FactorAI: 0
