Re: -1.2547161732317854935643333567279184435602400384300609811320234341336636339781615708274619
Im: -0.0326935648846709472548897793863517918534217338153704485415005246656665360406385893740736
Zoom: 8.42498333348E65
Iterations: 4009
IterDiv: 4.000000
SmoothMethod: 0
ColorMethod: 0
ColorOffset: 0
Rotate: -0.192411
Ratio: 360.000000
Colors: 222,251,209,252,224,240,228,217,187,112,129,226,185,172,185,177,71,133,206,165,196,56,95,34,135,185,196,80,127,10,190,187,174,72,99,72,137,163,150,78,54,156,215,156,156,179,85,193,186,194,196,126,190,168,236,244,241,249,253,130,214,247,251,110,198,126,202,198,214,197,86,151,196,153,162,39,41,155,146,155,135,109,85,109,185,184,153,39,130,45,135,191,190,103,112,31,216,174,214,145,83,98,175,174,208,146,124,201,246,212,193,232,214,253,201,248,193,123,241,210,220,232,208,203,154,109,184,174,215,36,43,36,162,137,194,129,24,42,174,154,156,13,94,102,142,193,135,126,151,151,209,203,157,108,136,151,171,186,209,172,110,126,250,188,249,204,149,127,192,220,244,148,216,165,235,240,201,195,208,195,173,209,159,48,105,165,179,151,150,135,11,81,159,129,171,1,28,12,153,164,194,141,124,26,196,209,196,76,182,120,175,216,185,197,158,218,246,195,185,173,126,242,190,193,207,180,154,180,244,217,230,175,198,96,165,225,225,73,167,60,195,186,185,126,63,84,145,136,140,3,0,123,167,134,130,142,55,126,179,183,166,55,166,102,184,228,219,213,212,97,235,226,245,143,168,143,196,196,228,213,123,207,245,189,190,150,141,222,165,207,167,108,170,155,206,207,172,106,128,52,135,169,187,20,39,0,180,133,188,129,12,42,161,149,173,49,99,144,197,207,165,217,210,217,219,244,186,124,228,211,207,227,225,239,158,150,239,188,246,126,102,101,171,178,224,144,117,102,209,195,172,80,142,126,131,193,132,48,104,125,189,161,137,105,37,87,146,140,179,58,44,58,208,171,221,205,147,88,201,229,231,118,241,171,
Smooth: 1
MultiColor: 0
BlendMC: 0
MultiColors: 
Power: 2
FractalType: 0
Slopes: 0
SlopePower: 50
SlopeRatio: 50
SlopeAngle: 45
imag: 1
real: 1
SeedR: 0
SeedI: 0
FactorAR: 1
FactorAI: 0
