Re: -1.2950966837360058242394218963471602052220198304048934440637522536662750620205429864323235683629037014591315529378434335755
Im: -0.352382639666798117266261440684709963328390384197420793468896513215974940591046459296823003706286709137745062811348881177
Zoom: 4.27197407184E96
Iterations: 3001
IterDiv: 1.000000
SmoothMethod: 0
ColorMethod: 0
ColorOffset: 0
Rotate: 0.000000
Ratio: 360.000000
Colors: 15,11,74,196,208,184,196,182,139,70,15,76,109,147,183,126,210,163,119,57,81,197,99,180,117,197,186,12,106,91,174,88,174,233,158,206,55,131,103,66,114,167,176,126,223,137,118,118,138,149,159,134,128,235,46,80,135,142,162,150,242,165,242,72,48,153,25,135,142,197,215,245,177,52,173,84,78,135,122,243,243,102,97,191,120,23,130,216,228,236,104,163,208,9,0,127,186,174,225,221,216,222,57,23,126,84,110,210,159,230,233,126,76,128,162,69,193,129,202,240,29,126,132,155,70,174,243,157,243,62,145,138,40,102,155,193,128,241,160,126,146,104,136,136,130,136,233,78,90,154,126,140,117,231,174,221,91,68,162,12,107,102,194,216,205,204,84,169,64,52,88,101,227,185,138,138,174,120,9,78,186,195,163,122,202,178,16,5,72,168,132,139,238,241,179,57,45,69,57,71,114,183,237,177,144,106,69,126,42,90,133,196,171,56,153,72,136,56,67,240,146,162,78,164,78,19,94,46,197,122,150,186,138,85,76,126,30,116,135,135,114,103,94,119,124,17,207,173,117,111,91,102,10,87,10,181,205,99,227,117,110,55,37,7,75,201,80,168,174,118,131,9,9,150,156,61,132,230,123,36,25,16,148,90,45,243,252,126,67,79,28,32,36,30,196,230,126,168,143,42,94,23,19,126,177,124,90,183,59,123,51,12,224,126,120,98,183,78,9,95,9,190,107,115,213,150,98,60,125,12,93,126,107,149,117,117,123,117,19,174,163,99,126,112,135,22,78,31,161,185,91,241,146,151,59,37,47,48,168,84,188,201,164,151,25,67,115,115,78,132,244,174,67,57,90,131,51,74,236,248,181,84,120,114,
Smooth: 1
MultiColor: 0
BlendMC: 0
MultiColors: 
Power: 2
FractalType: 0
Slopes: 0
SlopePower: 50
SlopeRatio: 50
SlopeAngle: 45
imag: 1
real: 1
SeedR: 0
SeedI: 0
FactorAR: 1
FactorAI: 0
