Re: -1.7478878673915015580302472588670120190488207292045489443748300406682299365
Im: 0
Zoom: 3.09485009821E26
Iterations: 3001
IterDiv: 1.000000
SmoothMethod: 0
ColorMethod: 0
ColorOffset: 0
Rotate: 0.000000
Ratio: 360.000000
Colors: 153,180,222,179,223,239,202,244,232,158,241,203,183,216,157,82,176,102,133,131,51,16,92,15,120,67,2,17,59,14,167,67,48,75,86,94,232,107,142,125,124,181,247,131,203,117,126,206,191,114,193,65,102,169,114,94,142,37,99,123,85,118,114,77,147,116,117,180,126,160,209,138,159,225,145,217,219,140,148,193,124,204,149,98,80,97,70,151,47,47,13,12,39,125,0,51,9,12,81,160,47,126,67,97,177,221,149,220,127,193,247,241,219,250,133,225,229,188,209,186,87,180,132,107,147,80,54,118,39,67,99,19,85,94,22,93,102,45,166,114,80,138,126,118,228,131,150,140,124,169,222,107,172,81,86,163,166,67,148,14,59,133,127,67,126,5,92,130,149,131,143,63,176,160,206,216,175,132,241,179,230,244,168,150,223,142,183,180,105,111,127,64,100,72,31,73,30,14,51,9,20,95,11,49,69,36,96,170,76,151,119,121,202,236,161,238,133,186,251,235,194,239,85,185,205,177,167,159,20,145,111,127,129,72,6,122,49,136,126,46,62,138,60,187,151,84,138,158,110,216,153,130,168,135,139,176,106,137,135,72,126,93,43,114,93,28,108,36,33,112,104,60,129,48,103,154,172,156,183,102,205,205,239,240,213,128,253,202,244,240,171,93,205,126,185,156,76,31,103,32,125,60,6,12,33,2,120,28,24,64,43,67,165,72,120,145,106,173,198,135,213,185,153,233,167,158,231,160,151,208,87,138,173,114,126,134,24,122,102,113,129,84,31,145,80,171,167,90,87,185,105,238,194,119,126,186,126,248,161,123,103,121,110,190,76,92,46,36,78,121,11,73,23,9,84,103,30,110,69,72,148,141,126,188,
Smooth: 1
MultiColor: 0
BlendMC: 1
MultiColors: 3	0	2,5	0	2,
Power: 2
FractalType: 0
Slopes: 0
SlopePower: 50
SlopeRatio: 50
SlopeAngle: 45
imag: 1
real: 1
SeedR: 0
SeedI: 0
FactorAR: 1
FactorAI: 0
