Re: -0.636627260542371788186484965836885734903223110930132351141808420735089875911357366511344435631747273122077945830998219903912146784717333068757044148676115
Im: -0.68521516058649073342665345484592523073144286210755727060990292588904942372780001291227900627118257720505898404493720300215574199983537231243211907912014
Zoom: 4.43627151059E130
Iterations: 4011
IterDiv: 1.000000
SmoothMethod: 0
ColorMethod: 0
ColorOffset: 0
Rotate: 0.000000
Ratio: 360.000000
Colors: 31,29,104,200,218,172,79,141,48,144,123,89,138,56,58,85,129,87,195,211,154,35,100,134,235,113,236,7,43,127,250,241,218,7,106,54,235,148,143,35,16,7,195,198,117,85,153,64,138,141,160,144,57,167,79,105,180,200,210,205,31,118,113,238,124,160,6,24,20,249,226,125,9,119,10,232,166,166,39,10,90,189,174,222,90,157,157,132,160,196,150,64,141,74,81,93,205,203,101,27,133,23,240,142,128,4,10,52,249,207,213,10,126,117,229,186,249,44,11,121,184,151,181,97,154,69,126,177,85,156,79,64,68,62,66,209,189,147,24,142,113,242,164,236,4,3,129,248,186,232,12,126,70,225,206,152,48,19,16,179,129,105,102,144,59,120,190,135,162,100,165,63,48,168,213,171,220,21,145,119,244,187,181,3,4,28,247,165,129,15,118,4,221,224,148,53,34,80,173,111,204,108,129,164,114,196,194,168,123,165,58,42,99,218,152,119,17,140,17,246,210,125,3,12,35,246,147,199,17,105,109,218,237,245,58,55,135,168,100,189,114,111,93,108,196,85,173,148,72,53,42,48,221,134,140,15,128,92,247,228,233,3,26,127,244,133,242,21,87,87,213,243,162,63,78,30,162,96,96,120,93,57,102,188,111,179,171,160,48,50,152,225,119,230,12,110,124,248,242,200,4,45,39,242,127,135,24,66,3,209,242,132,68,102,71,156,99,183,126,76,167,96,173,189,184,191,186,44,64,106,229,110,139,10,89,16,249,249,124,4,66,20,240,127,183,27,46,100,205,234,236,74,124,148,150,109,194,132,63,117,90,153,88,189,204,85,39,81,33,232,108,133,9,66,72,249,249,225,6,87,124,238,134,248,
Smooth: 1
MultiColor: 0
BlendMC: 0
MultiColors: 
Power: 2
FractalType: 0
Slopes: 0
SlopePower: 50
SlopeRatio: 50
SlopeAngle: 45
imag: 1
real: 1
SeedR: 0
SeedI: 0
FactorAR: 1
FactorAI: 0
