Re: -0.629960524933341299885849718049200119180115632917
Im: 1.0911236359473076581253570532488201415166782059205
Zoom: 8.00000000000E26
Iterations: 3001
IterDiv: 3.000000
SmoothMethod: 0
ColorMethod: 0
ColorOffset: 0
Rotate: -0.656664
Ratio: 360.000000
Colors: 121,118,199,9,102,125,73,154,64,225,202,117,225,124,176,82,18,142,25,72,91,118,222,108,188,230,148,150,82,141,114,14,116,132,114,119,119,204,128,72,162,123,108,100,129,209,112,141,199,124,124,60,93,99,8,111,124,139,194,165,248,193,138,170,67,78,45,12,101,60,135,179,154,251,168,168,176,73,127,37,67,132,48,174,142,160,202,88,188,89,61,129,35,153,111,148,235,131,230,150,103,124,13,77,16,46,147,107,200,223,238,232,151,169,111,19,19,41,44,61,104,199,224,162,241,213,140,112,44,129,27,23,156,96,189,126,177,242,53,156,87,82,119,3,207,135,141,226,127,250,84,71,135,0,88,7,108,196,95,232,219,234,187,89,178,72,1,33,67,105,60,135,238,201,145,196,202,124,65,71,153,51,46,165,137,162,87,166,205,36,131,109,132,134,54,243,151,128,180,98,189,28,51,136,27,129,77,170,234,110,227,180,162,135,31,144,65,23,104,102,170,111,139,239,136,121,138,134,133,49,124,181,90,129,145,152,123,43,140,111,53,128,129,193,160,154,245,141,129,114,58,87,4,60,114,82,186,174,208,241,152,192,117,73,98,1,84,84,77,179,125,216,185,120,205,78,110,93,50,165,65,164,191,123,218,99,141,104,17,121,23,103,150,129,240,176,236,207,105,146,53,30,14,20,102,83,141,234,234,211,209,192,148,53,29,90,12,40,112,140,209,123,225,230,96,156,64,126,75,10,200,96,166,171,133,249,46,117,111,27,125,2,168,181,117,252,165,245,144,57,158,20,33,18,65,164,75,180,252,219,185,148,192,118,14,51,108,57,51,128,188,182,100,202,206,88,116,91,165,87,48,216,121,143,
Smooth: 1
MultiColor: 0
BlendMC: 0
MultiColors: 
Power: 4
FractalType: 51
Slopes: 0
SlopePower: 50
SlopeRatio: 50
SlopeAngle: 45
imag: 1
real: 1
SeedR: 0
SeedI: 0
FactorAR: 1
FactorAI: 0
