Re: -1.94053274269145959602674649264761075624683525999454041114060073708606287005636539
Im: 0
Zoom: 4.60000000000E29
Iterations: 50008
IterDiv: 5.000000
SmoothMethod: 0
ColorMethod: 0
ColorOffset: 0
Rotate: 0.000000
Ratio: 360.000000
Colors: 154,120,189,120,194,151,135,163,81,163,90,109,118,110,198,201,199,205,107,214,129,227,139,108,108,110,186,238,185,239,122,242,182,232,192,120,147,124,164,211,160,243,179,241,226,183,232,145,211,150,139,154,135,219,236,213,248,131,249,175,247,179,122,119,119,176,241,167,241,119,235,200,218,201,117,131,115,126,183,117,204,150,194,209,141,207,123,169,123,84,101,76,148,182,136,196,69,190,136,182,135,59,51,55,87,169,75,161,48,151,145,141,144,56,58,56,37,104,29,110,78,100,143,65,140,71,101,74,10,30,7,58,119,49,127,7,123,95,127,99,13,0,16,18,123,14,101,10,96,119,107,123,43,36,50,3,83,4,71,70,67,133,58,136,89,107,98,18,39,25,49,139,48,135,31,136,138,160,148,61,39,72,45,167,48,126,63,126,177,160,183,120,99,132,63,145,71,114,142,114,196,126,199,180,183,191,103,111,113,107,216,109,194,106,194,225,234,232,156,113,166,112,236,116,176,133,173,245,223,246,206,163,214,131,198,136,151,196,147,234,169,230,241,225,244,160,141,164,129,243,125,199,123,191,248,246,246,189,117,191,117,232,116,151,124,141,225,202,218,207,140,206,119,162,118,103,160,94,178,120,166,205,176,201,129,83,129,69,184,63,117,58,105,181,177,173,141,47,141,55,156,53,59,52,49,137,124,126,145,68,143,62,85,63,20,89,14,83,46,73,137,110,133,82,16,86,8,124,8,36,1,29,115,126,110,108,3,112,25,116,30,7,21,5,85,95,81,128,52,131,64,70,73,7,89,11,58,47,56,136,124,138,114,33,124,37,151,46,44,33,45,132,165,132,159,49,168,90,165,102,51,80,57,120,
Smooth: 1
MultiColor: 0
BlendMC: 1
MultiColors: 7	0	0,17	0	1,12	0	2,
Power: 2
FractalType: 0
Slopes: 0
SlopePower: 50
SlopeRatio: 50
SlopeAngle: 45
imag: 1
real: 1
SeedR: 0
SeedI: 0
FactorAR: 1
FactorAI: 0
