Re: -1.4926270651824733018805337765790090427669
Im: -0.03608908439375689686529771469216175500365
Zoom: 2.70000000000E17
Iterations: 50001
IterDiv: 4.000000
SmoothMethod: 0
ColorMethod: 0
ColorOffset: 0
Rotate: 0.000000
Ratio: 360.000000
Colors: 179,197,225,240,199,243,93,104,147,87,151,32,120,6,9,46,128,100,145,164,214,251,148,242,120,225,158,79,43,45,127,99,12,50,85,90,110,105,201,250,247,238,150,114,167,76,156,58,130,65,18,60,40,83,79,187,187,239,119,230,180,226,172,77,125,73,129,46,28,74,123,79,53,50,173,217,217,218,206,176,174,85,122,87,125,141,41,92,0,78,34,147,159,188,142,204,227,168,173,99,213,100,119,37,57,109,115,82,25,64,147,152,128,187,240,237,168,118,110,111,112,170,74,126,42,89,25,62,137,116,175,170,243,119,159,141,239,120,107,101,92,138,67,99,34,110,130,80,52,152,235,231,146,165,154,125,103,143,109,147,125,113,51,2,126,49,159,134,217,122,131,188,191,126,104,195,126,151,40,129,72,125,126,26,45,119,191,152,115,208,219,125,109,115,141,151,177,147,97,22,130,12,86,105,158,158,97,222,127,119,119,245,153,146,81,165,122,90,138,8,90,95,122,63,79,227,237,110,133,136,162,140,164,182,144,103,148,15,13,88,85,164,61,223,108,99,149,214,167,133,173,199,161,50,160,32,126,84,52,31,46,211,176,85,167,197,168,127,127,214,173,175,174,56,8,85,25,109,32,189,137,71,183,143,166,124,242,225,179,68,189,84,110,89,7,68,22,161,80,56,196,234,161,124,126,234,178,183,203,115,79,96,0,31,15,128,160,42,203,101,152,128,233,239,173,148,217,145,68,106,4,119,13,93,25,30,203,196,141,135,175,240,164,146,228,170,165,117,19,3,14,60,127,20,196,116,129,144,164,236,153,231,237,190,63,130,43,125,19,32,46,13,181,103,117,156,224,230,142,123,242,202,197,142,73,55,27,12,53,10,160,148,105,166,101,220,132,247,243,206,125,153,107,89,38,2,104,10,132,28,94,173,210,208,126,154,241,203,167,163,142,147,51,2,5,14,102,139,86,177,96,194,123,188,235,193,213,170,174,66,65,14,134,23,73,27,80,175,128,180,124,206,225,178,129,174,200,203,80,36,36,34,46,77,78,168,131,166,128,111,211,161,253,174,218,106,94,65,110,49,25,84,80,154,39,153,134,215,196,143,137,171,227,189,106,100,125,65,12,16,85,134,142,141,140,83,178,127,211,164,227,190,115,137,77,83,9,134,94,111,13,133,146,151,161,114,185,153,218,143,122,172,200,101,17,22,106,87,98,128,149,110,143,105,127,139,202,250,126,204,93,118,35,130,121,65,61,126,149,57,126,102,213,124,180,128,126,227,208,134,62,100,138,45,33,128,143,138,112,102,76,106,156,230,122,241,167,148,94,94,155,31,125,133,133,8,100,106,171,88,131,163,115,244,162,158,131,190,174,25,16,142,119,116,91,113,88,70,109,149,104,237,239,165,167,89,191,29,145,154,103,39,86,119,80,53,92,202,92,221,126,168,201,222,207,42,76,167,86,55,84,125,125,39,79,78,78,197,244,168,228,144,220,63,115,182,69,110,86,129,11,27,73,184,63,168,142,164,245,184,230,92,172,196,57,18,92,129,127,18,74,69,49,138,174,157,252,222,237,125,92,210,49,152,100,125,19,14,80,104,36,108,185,147,248,133,240,159,227,223,49,56,111,118,78,13,89,107,24,82,88,135,234,250,238,192,125,233,56,137,123,108,89,16,100,21,16,63,189,123,210,127,234,220,206,240,71,149,136,97,29,23,111,129,11,51,56,111,
Smooth: 1
MultiColor: 0
BlendMC: 0
MultiColors: 
Power: 2
FractalType: 0
Slopes: 0
SlopePower: 50
SlopeRatio: 50
SlopeAngle: 45
imag: 1
real: 1
SeedR: 0.0000000
SeedI: 0.0000000
