Re: 0.2662502955177370785586218240277241046307212623495523156080959201467006154158114170605894662024835
Im: -0.0034134192919340303413155035530216871603129485520200876931431822014764146080820649474836279125275
Zoom: 5.52139707742E70
Iterations: 33288
IterDiv: 1.000000
SmoothMethod: 0
ColorMethod: 0
ColorOffset: 0
Rotate: 0.233004
Ratio: 360.000000
Colors: 135,194,192,201,224,165,223,207,181,13,15,24,202,151,182,179,197,246,177,230,222,127,109,46,170,178,156,171,127,149,217,167,199,8,88,127,206,231,217,225,220,155,144,161,144,114,10,44,217,196,228,115,206,234,195,197,178,73,115,51,201,198,187,214,88,132,138,151,182,108,159,175,248,252,228,66,139,77,171,134,129,168,80,132,190,218,247,151,155,158,162,190,162,112,162,105,246,187,189,52,29,88,158,173,200,240,238,228,179,230,199,74,55,7,204,151,159,125,144,207,211,203,225,81,125,103,164,214,181,245,164,125,175,150,164,27,32,97,237,220,237,139,242,209,164,185,153,138,46,18,186,183,203,180,137,202,180,182,193,39,164,120,243,230,198,145,94,78,132,128,153,187,114,175,210,247,251,84,173,120,191,163,134,101,98,94,218,190,218,140,91,147,
Smooth: 1
MultiColor: 0
BlendMC: 0
MultiColors: 
Power: 2
FractalType: 0
Slopes: 0
SlopePower: 50
SlopeRatio: 50
SlopeAngle: 45
imag: 1
real: 1
SeedR: 0
SeedI: 0
FactorAR: 1
FactorAI: 0
