Re: -0.39480314974114158189568867806554
Im: -0.59002563127028388295224731391851
Zoom: 2.81474976710E14
Iterations: 100002
IterDiv: 24.000000
SmoothMethod: 0
ColorMethod: 0
ColorOffset: 21
Rotate: 0.000000
Ratio: 360.000000
Colors: 120,126,4,92,14,117,70,165,96,76,86,114,120,212,220,184,157,124,233,203,245,234,171,136,182,126,145,99,138,138,26,36,25,2,117,127,37,7,12,107,149,116,176,54,120,208,209,115,196,126,235,157,230,126,121,156,235,110,174,137,123,133,120,139,78,137,135,105,12,106,18,125,66,126,25,45,36,115,67,193,145,129,99,117,202,241,245,247,140,129,236,215,220,172,126,138,87,126,96,24,92,135,14,45,4,55,99,123,119,32,41,171,164,114,186,80,169,168,234,118,139,126,251,124,243,131,134,122,202,154,174,139,161,84,72,137,83,133,88,73,0,40,43,120,28,126,61,66,71,114,141,211,191,217,117,120,253,253,252,230,122,133,159,213,180,79,82,139,30,126,51,32,52,131,75,66,1,128,86,118,160,72,84,160,173,114,140,113,211,125,244,123,133,126,249,160,239,135,183,88,157,177,167,138,133,41,32,69,95,129,20,49,7,18,81,117,71,126,108,154,115,115,226,216,228,250,136,125,216,246,240,145,103,137,77,198,132,45,43,137,57,126,18,96,23,126,131,96,18,142,79,115,129,120,132,113,174,116,117,148,240,147,234,127,187,126,228,207,217,138,185,60,108,124,153,136,51,12,7,6,112,124,16,37,32,81,126,114,165,126,157,228,160,117,239,207,249,198,153,130,133,221,211,81,88,138,66,173,84,85,18,134,114,126,1,128,9,122,119,131,51,99,79,114,91,169,180,116,169,119,165,180,252,212,209,132,225,126,191,187,182,139,111,42,61,36,136,132,0,0,0,23,131,119,93,39,72,173,171,114,222,126,202,220,201,122,177,186,251,125,167,134,93,181,169,93,80,138,113,140,41,127,9,130,
Smooth: 1
MultiColor: 0
BlendMC: 0
MultiColors: 
Power: 2
FractalType: 0
Slopes: 0
SlopePower: 50
SlopeRatio: 50
SlopeAngle: 45
imag: 1
real: 1
SeedR: 0
SeedI: 0
FactorAR: 1
FactorAI: 0
