Re: -0.7769683868861663998315474207916890317482414273471853704060198029046127075733911637374682836686432055281027682823321146790970657505381875532087812622499424642886656479705206466647309486
Im: -0.135489024411144385890923262442770418140339271035044986314981617074676056173921222679291555639932720130092011335493856603387444964519919584526039754396043132424586485268100466766685938
Zoom: 2.24945689727E161
Iterations: 10435
IterDiv: 1.000000
SmoothMethod: 0
ColorMethod: 0
ColorOffset: 0
Rotate: 0.000000
Ratio: 360.000000
Colors: 220,231,224,110,152,218,215,93,150,86,141,88,202,200,94,66,154,151,182,66,183,51,71,144,158,145,67,42,146,31,131,59,68,41,18,126,103,83,132,48,132,72,78,75,9,60,3,12,57,36,75,79,116,125,41,108,106,102,29,42,33,19,10,126,103,52,33,148,126,151,87,155,41,39,114,174,99,60,57,180,64,192,159,133,78,87,197,205,103,195,103,194,138,211,220,101,131,150,136,210,115,210,158,186,246,201,249,207,182,204,144,186,131,130,202,157,183,167,237,242,215,232,238,143,145,171,220,118,115,118,187,126,218,224,186,94,154,217,207,82,174,72,117,98,190,184,64,55,152,102,167,61,157,45,50,156,140,124,91,41,142,26,112,62,28,45,9,87,86,64,130,55,127,102,63,84,33,72,7,0,46,26,40,94,111,109,35,121,131,118,45,84,32,22,29,143,101,34,38,160,103,167,111,165,51,52,159,186,99,102,70,187,69,201,182,109,94,108,186,210,106,222,122,194,185,211,234,126,149,170,120,205,120,180,175,178,243,192,250,240,196,217,178,174,136,127,211,144,147,151,224,211,219,233,242,126,149,201,219,105,126,102,165,97,211,214,138,79,154,193,196,73,189,60,93,120,175,165,55,48,150,58,149,59,115,41,32,151,122,103,117,42,137,42,94,67,7,51,3,45,70,49,109,66,122,123,51,96,69,86,15,10,38,20,15,110,107,81,32,134,138,135,65,126,35,28,67,159,99,36,46,171,78,180,135,155,63,69,188,197,100,151,86,192,95,208,203,96,112,129,161,212,110,226,140,191,225,208,244,165,167,188,123,197,126,150,189,168,219,180,246,253,207,226,213,159,141,143,218,131,122,135,207,168,
Smooth: 1
MultiColor: 0
BlendMC: 0
MultiColors: 
Power: 2
FractalType: 0
Slopes: 0
SlopePower: 50
SlopeRatio: 50
SlopeAngle: 45
imag: 1
real: 1
SeedR: 0
SeedI: 0
FactorAR: 1
FactorAI: 0
