Re: -0.9044339442611752329702460060678838924643098672384732364045654568221356945
Im: -0.2759800615154447021531136967925152569322610367841849631998901081716297805
Zoom: 3.74144419155E50
Iterations: 4006
IterDiv: 4.000000
SmoothMethod: 0
ColorMethod: 0
ColorOffset: 0
Rotate: 0.000000
Ratio: 360.000000
Colors: 165,156,219,248,252,234,113,169,141,43,26,27,123,30,8,129,164,105,116,228,222,199,148,244,174,61,153,22,82,42,49,145,20,208,151,98,193,127,193,97,138,212,118,147,151,113,101,82,57,63,70,149,122,110,248,215,147,123,189,148,10,58,130,110,12,128,181,132,142,132,250,139,151,191,105,162,45,75,48,23,96,43,142,162,209,219,209,223,161,176,79,78,81,69,84,19,133,133,61,105,139,174,134,124,248,223,146,203,135,161,81,1,106,1,94,51,44,220,105,165,157,214,244,103,209,206,136,75,97,85,3,26,57,108,57,193,240,145,236,209,200,77,66,178,28,21,117,142,121,84,160,207,99,126,168,129,177,94,135,141,92,124,17,127,127,81,126,151,237,117,160,184,151,125,65,176,72,99,116,63,124,42,124,89,84,204,167,207,216,227,227,134,87,97,34,4,0,18,140,84,111,209,226,225,130,222,244,123,88,148,137,24,31,54,105,9,78,191,100,231,171,210,204,108,233,44,102,154,60,125,60,156,115,41,134,105,102,140,151,171,196,189,182,103,130,142,5,38,105,129,63,105,242,195,123,142,241,125,71,120,111,121,3,114,101,62,148,90,208,178,205,230,157,210,111,90,43,33,43,29,92,77,174,175,171,184,168,234,120,119,192,147,114,78,119,128,5,30,106,49,117,92,172,251,146,251,158,202,209,33,148,87,96,39,9,150,43,46,117,177,156,168,249,226,196,145,196,60,12,107,16,44,52,176,187,75,225,232,136,110,131,169,93,46,153,126,84,124,75,159,118,111,161,129,236,125,125,171,126,101,15,136,92,69,102,128,188,77,180,154,136,190,128,211,128,164,168,49,85,46,37,25,26,118,
Smooth: 1
MultiColor: 0
BlendMC: 1
MultiColors: 0	0	0,
Power: 2
FractalType: 0
Slopes: 0
SlopePower: 50
SlopeRatio: 50
SlopeAngle: 45
imag: 1
real: 1
SeedR: 0
SeedI: 0
FactorAR: 1
FactorAI: 0
