Re: -0.272521677578046284339165879045885112137402997856
Im: -0.8401466969883205296870068774915170950853781602765
Zoom: 1.08086391056E25
Iterations: 4008
IterDiv: 10.000000
SmoothMethod: 0
ColorMethod: 0
ColorOffset: 0
Rotate: 0.000000
Ratio: 360.000000
Colors: 243,189,126,207,192,206,132,132,13,147,129,138,216,161,138,200,121,197,97,33,87,49,40,58,104,166,166,137,249,152,68,186,179,1,79,7,48,70,167,138,120,119,137,115,225,75,78,27,90,120,120,191,219,123,237,226,204,175,105,111,126,10,51,179,58,147,235,158,148,180,172,202,81,131,13,74,143,149,136,187,106,130,146,239,39,37,46,2,14,108,76,129,106,140,232,205,103,199,136,53,108,50,108,93,129,209,128,136,216,107,222,145,53,26,135,90,135,211,208,88,239,247,247,155,141,69,78,33,103,108,52,87,159,133,198,111,147,159,18,115,57,18,145,114,102,209,119,130,179,237,67,56,44,46,1,127,133,94,67,214,205,247,184,198,92,124,127,105,156,118,69,238,148,185,228,113,180,131,37,70,90,57,104,145,182,97,168,252,245,86,174,65,9,64,127,46,61,46,121,120,240,105,124,114,36,91,114,53,131,56,156,220,165,203,212,194,149,87,87,116,3,101,185,67,74,252,173,246,205,183,85,115,133,133,116,138,28,177,174,225,162,133,133,61,33,129,15,26,48,78,148,142,126,242,202,74,194,105,17,94,105,72,81,51,171,122,239,179,109,104,116,65,147,123,106,14,213,216,206,250,238,144,177,123,147,112,20,48,150,54,117,199,144,202,144,160,124,44,125,116,36,146,31,108,199,226,117,162,117,41,45,165,13,6,6,97,111,184,174,219,149,145,200,166,94,119,54,141,106,93,235,137,196,234,108,138,150,44,133,123,73,16,185,197,208,207,251,125,120,158,185,39,48,6,68,55,160,129,125,147,96,135,183,15,104,68,25,140,73,121,216,183,162,196,148,108,70,155,85,0,7,166,79,188,
Smooth: 1
MultiColor: 0
BlendMC: 0
MultiColors: 
Power: 2
FractalType: 0
Slopes: 0
SlopePower: 50
SlopeRatio: 50
SlopeAngle: 45
imag: 1
real: 1
SeedR: 0
SeedI: 0
FactorAR: 1
FactorAI: 0
