Re: -0.7441243205693384112792910197743165249
Im: -0.1216721240108041171856572577310508331552
Zoom: 5.76460750152E17
Iterations: 200003
IterDiv: 15.000000
SmoothMethod: 0
ColorMethod: 0
ColorOffset: 1022
Rotate: 0.000000
Ratio: 360.000000
Colors: 196,135,190,191,139,212,172,196,210,144,173,183,118,61,141,103,7,95,104,73,57,122,140,39,154,114,46,191,78,76,225,142,120,246,240,166,249,231,200,233,131,214,205,87,202,172,132,170,142,141,124,126,58,79,127,3,48,145,74,39,173,177,55,203,180,91,227,126,137,234,145,180,224,221,208,197,218,213,159,108,193,121,34,154,90,75,107,75,126,66,78,87,42,97,38,42,123,97,66,149,211,107,165,231,154,165,154,193,148,120,213,115,169,208,77,180,180,41,86,137,17,4,91,11,46,55,23,136,39,49,143,48,81,94,79,109,122,124,125,221,170,124,246,202,106,154,214,76,75,200,44,102,166,18,139,120,7,85,76,15,11,46,39,51,39,75,165,57,113,205,95,144,149,141,160,130,183,158,195,210,141,222,212,114,133,190,87,32,150,70,46,103,69,117,63,86,114,41,117,56,43,157,80,69,194,191,111,220,246,158,229,180,195,220,112,213,197,138,206,167,175,177,140,111,133,124,13,87,125,22,52,144,122,39,174,165,50,208,120,83,237,112,129,251,195,173,247,249,204,225,179,214,192,76,198,155,72,162,124,126,115,108,108,72,109,31,45,126,35,40,153,144,60,180,218,99,199,177,145,202,126,186,187,165,210,156,215,210,117,156,186,79,42,145,51,22,99,39,98,60,45,132,40,67,84,45,95,73,72,122,166,115,137,249,162,136,207,198,117,116,214,86,109,204,50,158,173,19,131,129,1,32,83,2,7,50,20,99,39,52,177,52,87,151,87,117,113,133,133,168,177,132,241,206,115,202,213,88,88,195,59,48,158,38,103,111,33,123,69,46,58,43,75,30,41,114,120,63,153,221,103,182,207,150,
Smooth: 1
MultiColor: 0
BlendMC: 0
MultiColors: 
Power: 2
FractalType: 0
Slopes: 0
SlopePower: 50
SlopeRatio: 50
SlopeAngle: 45
imag: 1
real: 1
SeedR: 0
SeedI: 0
FactorAR: 1
FactorAI: 0
