Re: -0.762009171054685678874238377088125
Im: -0.085781313366411418366107525059635
Zoom: 1.717986912E10
Iterations: 6147
IterDiv: 8.000000
SmoothMethod: 0
ColorMethod: 0
ColorOffset: 0
Rotate: 0.000000
Ratio: 360.000000
Colors: 154,127,111,123,162,67,95,189,142,77,199,199,76,191,135,92,169,78,123,138,141,160,110,211,193,92,160,214,91,91,218,107,141,204,138,220,177,174,183,146,207,105,119,227,139,107,231,225,111,216,204,133,189,121,166,157,138,202,130,227,230,117,222,244,121,136,240,142,135,219,174,224,188,209,236,156,237,151,133,250,133,125,245,218,134,224,246,159,192,165,193,160,130,225,135,208,247,127,252,253,135,177,241,160,127,213,192,195,179,224,252,148,245,188,127,250,124,124,237,180,138,209,248,165,174,196,198,142,121,225,121,162,241,117,239,238,130,202,218,157,118,186,189,144,150,216,225,120,231,204,104,227,115,105,207,124,124,174,209,153,138,204,183,107,113,206,91,104,214,92,188,204,110,200,177,138,112,142,169,85,106,191,166,79,199,194,69,189,111,77,162,69,99,127,142,129,90,185,158,64,111,176,54,54,177,61,117,160,84,174,129,114,111,93,143,42,59,161,93,38,162,161,35,146,112,49,115,33,76,79,70,107,46,147,133,25,113,146,22,27,141,37,49,119,64,132,86,95,115,51,122,26,22,136,31,9,132,117,13,110,117,34,78,29,64,43,16,96,15,102,120,2,120,128,7,35,118,29,7,93,60,88,60,93,123,28,117,45,6,126,1,0,117,75,12,93,126,39,60,57,73,29,1,105,7,64,125,2,129,129,15,73,115,43,5,87,78,57,55,110,132,27,132,90,12,136,14,14,122,51,34,95,134,67,64,109,103,37,27,133,22,48,149,25,137,147,46,129,129,79,44,100,115,49,69,146,139,46,162,148,39,161,64,49,143,52,75,114,141,111,84,167,147,61,87,173,54,58,183,64,141,176,90,184,
Smooth: 1
MultiColor: 0
BlendMC: 0
MultiColors: 
Power: 2
FractalType: 0
Slopes: 0
SlopePower: 50
SlopeRatio: 50
SlopeAngle: 45
imag: 1
real: 1
SeedR: 0
SeedI: 0
FactorAR: 1
FactorAI: 0
