Re: -1.4142135620723991087686467341082488315689643395032643440480051826169321020415836934147622014247248353061935478806022912265
Im: -0.0000000008059865014859940272108382495946047403840013326618391263696840769859654007631101291655542395841733734888176968005
Zoom: 7.00000000000E90
Iterations: 51001
IterDiv: 1.000000
SmoothMethod: 0
ColorMethod: 0
ColorOffset: 0
Rotate: 0.000000
Ratio: 360.000000
Colors: 122,220,189,137,225,117,106,141,19,135,110,48,212,153,186,201,146,249,79,52,159,0,4,54,71,87,64,185,194,131,195,193,138,135,134,115,126,143,149,160,199,202,126,170,155,37,54,37,36,3,16,157,79,139,248,162,242,193,148,195,84,113,84,66,162,61,117,233,116,118,193,131,80,71,104,115,23,132,214,87,203,231,135,191,114,99,71,12,81,1,52,165,90,153,249,219,174,207,219,132,93,118,140,60,69,185,111,107,153,119,126,43,56,96,11,49,109,120,154,192,230,244,219,205,205,114,112,115,5,90,106,46,126,148,182,111,117,228,56,28,150,84,24,84,201,135,104,249,219,126,151,184,91,36,126,85,47,151,169,129,190,235,149,129,162,117,20,28,140,15,16,206,119,138,185,182,220,64,146,174,0,123,103,85,184,108,201,226,130,202,148,93,131,32,64,116,28,136,147,111,233,118,142,205,40,100,67,51,107,4,174,200,94,252,248,199,182,165,189,68,58,122,57,59,114,117,118,138,126,109,103,93,54,51,126,83,98,215,198,215,217,250,236,96,173,114,4,90,10,60,105,57,169,140,169,186,90,191,136,19,137,135,59,121,173,182,148,138,230,121,39,165,49,22,117,61,139,154,182,241,171,251,201,87,163,99,3,34,78,45,33,120,159,135,112,192,183,67,141,146,100,133,126,209,197,157,241,204,144,132,99,60,23,9,33,48,48,138,140,138,247,162,147,206,126,104,71,142,135,25,197,224,103,168,228,168,52,117,148,4,34,127,102,69,161,216,127,168,205,102,84,123,63,18,103,124,91,136,232,225,112,237,236,46,134,115,67,71,32,189,106,78,253,130,149,167,69,145,52,26,123,51,105,159,
Smooth: 1
MultiColor: 0
BlendMC: 0
MultiColors: 
Power: 3
FractalType: 2
Slopes: 0
SlopePower: 50
SlopeRatio: 50
SlopeAngle: 45
imag: 1
real: 1
SeedR: 0
SeedI: 0
FactorAR: 1
FactorAI: 0
