Re: -1.409057477308578360747931847019625187889558184180202045404499847418458663908966620797408119330259631916560311177945144844
Im: 0.0000000000000000000000000000009810486852577416099482207424431693259315655418695742690273777554830449885208616173807874095
Zoom: 4.00000000000E70
Iterations: 400001
IterDiv: 16.000000
SmoothMethod: 0
ColorMethod: 0
ColorOffset: 0
Rotate: 0.000000
Ratio: 360.000000
Colors: 201,106,139,168,46,108,212,171,162,131,152,98,195,174,183,78,13,90,164,161,201,29,123,88,136,226,213,1,18,90,126,138,219,7,94,97,140,245,220,45,60,110,169,112,216,99,77,126,197,223,206,150,123,146,205,90,194,180,77,168,185,169,179,183,188,190,138,81,164,163,93,211,79,100,150,136,232,229,28,86,138,121,120,242,4,40,130,128,241,251,14,106,126,157,149,253,52,10,128,195,210,249,100,132,133,225,171,240,140,18,144,227,152,226,157,156,157,199,177,207,149,63,173,145,85,187,126,170,189,84,167,165,106,129,203,36,31,145,103,170,216,17,142,126,126,194,224,31,10,112,169,154,227,67,113,101,214,237,225,106,28,96,243,130,217,132,87,96,241,242,203,133,79,100,207,104,185,115,75,109,151,208,163,90,146,120,92,85,139,75,80,133,52,147,114,85,206,144,40,81,90,121,101,155,57,78,69,174,240,162,88,91,52,224,130,165,117,26,40,251,234,162,126,114,33,245,158,155,112,8,32,208,193,143,83,140,37,154,175,126,56,29,46,102,129,106,47,162,59,72,176,84,67,83,73,70,64,63,115,172,88,90,160,42,174,152,103,116,20,24,225,166,115,132,133,10,248,212,123,124,12,2,239,147,126,96,103,0,201,243,125,57,42,3,153,121,119,28,81,12,112,234,109,25,101,27,95,96,95,54,75,45,103,190,80,108,168,66,126,82,64,169,85,87,147,123,49,216,221,108,149,83,37,235,110,126,126,58,29,221,242,141,84,98,25,186,140,151,39,16,28,146,224,156,9,123,36,121,165,156,11,11,49,119,173,152,46,149,68,138,177,144,102,45,90,163,106,132,160,167,114,177,172,120,
Smooth: 1
MultiColor: 0
BlendMC: 0
MultiColors: 
Power: 3
FractalType: 11
Slopes: 0
SlopePower: 50
SlopeRatio: 50
SlopeAngle: 45
imag: 1
real: 1
SeedR: 0
SeedI: 0
FactorAR: 1
FactorAI: 0
