Re: -1.41235060910592416516095148879986627455483126603474838435196615886318635929118246060765075
Im: -0.0001671026874358190050247123862386784945147487575530491466891263469125986459406451848752
Zoom: 4.00000000000E64
Iterations: 100004
IterDiv: 3.000000
SmoothMethod: 0
ColorMethod: 0
ColorOffset: 0
Rotate: 0.000000
Ratio: 360.000000
Colors: 81,88,78,199,118,232,248,218,134,171,243,213,93,144,159,111,54,82,143,75,139,88,125,0,16,94,121,59,45,75,181,98,129,226,216,214,162,242,130,120,153,243,160,90,103,174,120,129,86,140,92,2,72,18,46,13,135,158,78,44,187,197,187,137,220,165,135,149,168,202,123,227,206,169,82,99,167,164,10,67,36,51,0,69,137,65,104,141,171,58,99,180,214,136,129,124,227,145,222,230,211,174,117,195,106,37,78,155,73,8,7,127,67,116,97,145,54,58,132,111,123,97,194,233,151,125,236,238,251,134,216,120,75,97,154,112,36,106,130,86,25,65,127,125,23,86,24,105,60,168,219,143,146,221,243,168,140,222,234,115,117,102,159,77,186,147,121,48,50,124,75,3,51,91,88,28,40,192,126,193,188,229,109,132,209,223,147,129,182,204,121,129,171,165,174,54,135,20,4,34,118,81,9,39,160,109,93,142,199,171,109,177,114,165,127,252,237,158,131,194,208,178,71,154,123,26,36,39,90,10,123,133,99,10,93,163,149,78,132,123,166,112,160,250,180,234,206,240,117,95,175,208,65,55,65,115,32,87,117,103,84,51,129,26,46,84,171,154,86,89,242,185,217,202,253,183,116,188,148,112,82,194,153,72,39,117,123,128,25,108,30,23,41,79,135,58,147,216,175,97,179,245,246,126,186,136,156,108,198,194,120,142,129,155,59,20,102,128,17,15,1,119,36,133,177,155,99,141,216,147,122,167,228,188,125,127,229,166,228,148,192,85,34,109,106,31,9,85,113,30,18,138,136,151,93,175,66,105,131,204,202,128,178,249,201,162,165,225,213,61,126,60,65,24,143,121,43,29,105,124,71,49,131,123,
Smooth: 1
MultiColor: 0
BlendMC: 0
MultiColors: 
Power: 3
FractalType: 1
Slopes: 0
SlopePower: 50
SlopeRatio: 50
SlopeAngle: 45
imag: 1
real: 1
SeedR: 0
SeedI: 0
FactorAR: 1
FactorAI: 0
