Re: -1.98546494993547740240938636526619363622274096445273134812047670046092242950449396732077359591272716214057789770125
Im: -0.00079867164125317881262111192503181507093470262948049226140102244035164646405997780185085570743416931480125224535
Zoom: 6.36573742604E88
Iterations: 100000
IterDiv: 10.000000
SmoothMethod: 0
ColorMethod: 0
ColorOffset: 0
Rotate: 0.000000
Ratio: 360.000000
Colors: 162,171,224,144,177,163,126,8,10,218,183,146,184,199,232,35,8,55,48,164,55,140,180,232,108,71,146,115,133,10,232,124,163,202,158,224,57,116,42,67,57,69,127,224,238,72,117,129,96,19,13,234,235,179,211,129,214,82,37,31,97,190,85,125,133,241,42,106,112,75,119,18,223,117,193,208,192,202,106,63,23,132,91,101,132,247,242,24,48,95,56,76,25,203,239,206,193,75,188,122,90,16,169,172,118,149,119,241,17,135,79,44,81,35,179,153,218,167,189,174,128,15,12,201,159,135,170,218,237,24,10,64,42,145,46,154,199,227,132,64,157,124,129,10,224,134,152,191,145,230,42,128,51,53,57,60,135,208,234,96,141,141,110,10,11,234,222,168,206,153,221,66,23,38,76,186,74,125,146,240,61,93,123,89,128,14,232,115,184,211,183,210,91,82,28,108,75,90,126,245,242,35,70,106,68,54,20,218,244,198,204,89,198,112,72,20,145,182,106,138,119,242,20,128,90,51,94,28,195,137,210,185,195,184,125,28,14,180,135,123,156,234,240,18,17,74,42,123,38,170,216,221,156,62,168,128,120,11,210,147,141,177,133,234,29,135,60,45,61,51,147,189,230,120,161,152,120,6,10,229,204,157,197,176,227,49,13,46,60,178,64,131,162,237,84,81,135,103,133,12,235,117,173,209,171,218,74,100,35,86,63,79,125,237,241,52,93,118,82,34,16,228,242,188,210,107,206,98,54,25,120,188,95,129,123,242,29,118,101,62,107,23,211,125,202,199,196,193,117,45,18,157,112,112,143,243,241,18,30,85,46,100,31,187,230,214,177,66,179,127,107,13,191,160,129,163,124,238,21,137,69,41,69,42,
Smooth: 1
MultiColor: 0
BlendMC: 0
MultiColors: 
Power: 2
FractalType: 0
Slopes: 0
SlopePower: 50
SlopeRatio: 50
SlopeAngle: 45
imag: 1
real: 1
SeedR: 0
SeedI: 0
FactorAR: 1
FactorAI: 0
