Re: -1.0000140356507996032913663694098627423639909979650358567175778772473747935562269530351735017210789376666224615646337351605
Im: -0.9999759092697840859685853277857476532133981272439573306300795351087859349665012191677573198359165780595696683336600684415
Zoom: 1.70878962873E97
Iterations: 30500
IterDiv: 50.000000
SmoothMethod: 0
ColorMethod: 0
ColorOffset: 0
Rotate: 0.000000
Ratio: 720.000000
Colors: 85,140,116,132,171,35,33,100,144,30,112,249,142,49,82,61,67,207,130,211,89,75,20,71,184,62,81,150,249,40,194,241,30,90,139,190,129,19,251,224,11,233,96,56,166,106,32,107,245,4,5,230,66,34,217,32,184,152,51,31,210,65,144,62,19,230,165,45,248,98,244,57,43,4,158,206,249,53,120,58,6,91,96,179,63,253,210,156,17,39,182,4,216,16,124,112,155,250,107,218,246,90,54,249,87,57,209,195,110,218,130,49,222,157,59,66,57,35,39,66,43,179,131,76,245,220,175,14,29,92,133,204,100,65,233,167,249,78,161,32,236,160,104,216,229,146,61,153,22,221,1,154,110,4,65,255,16,239,81,160,3,213,154,11,43,96,52,204,120,12,184,236,93,209,79,183,132,1,15,194,192,115,136,45,67,225,153,38,17,143,137,174,180,45,82,160,49,255,64,239,60,59,187,47,168,179,97,87,33,179,89,197,29,45,227,130,16,19,51,200,223,5,127,193,152,44,87,146,96,102,53,152,173,163,85,241,181,143,198,63,38,113,194,168,23,82,59,34,62,99,182,237,100,153,92,96,23,154,78,233,159,220,58,80,51,11,44,59,108,172,166,247,249,1,242,117,149,44,183,147,54,150,203,157,135,146,72,20,153,62,226,174,213,170,119,157,54,61,232,20,181,84,40,8,4,43,146,52,126,1,128,95,95,119,25,225,48,58,106,100,134,225,185,232,236,25,21,10,30,255,50,133,120,205,116,249,173,185,74,235,188,26,189,13,32,205,73,192,71,215,235,216,70,75,123,159,203,111,60,28,83,26,178,149,157,96,179,82,94,113,193,164,54,191,151,38,227,95,2,67,181,178,242,248,
Smooth: 1
MultiColor: 0
BlendMC: 0
MultiColors: 
Power: 2
FractalType: 1
Slopes: 0
SlopePower: 50
SlopeRatio: 50
SlopeAngle: 45
imag: 1
real: 1
SeedR: 0
SeedI: 0
FactorAR: 1
FactorAI: 0
