Re: 1.453712932656397661567968838132668156363831484868755143311455572249889139304949882965417560241645405996110301892162169221020912684570158084043601649239886724408576407408759428417416244106307146450020694792510424003032165594475
Im: 0
Zoom: 5.50000000000E103
Iterations: 1500008
IterDiv: 1.000000
SmoothMethod: 0
ColorMethod: 0
ColorOffset: 0
Rotate: 0.000000
Ratio: 360.000000
Colors: 233,234,117,225,193,174,161,102,227,74,141,99,10,121,16,7,14,108,66,75,134,157,213,91,229,180,180,245,123,245,199,177,117,121,134,40,54,7,113,32,62,104,60,186,61,115,156,174,162,133,250,179,209,134,164,152,72,137,14,128,119,58,83,121,159,33,132,123,160,136,134,242,120,233,143,92,172,107,72,31,152,82,67,73,126,136,12,183,87,141,220,124,222,208,244,142,148,187,139,67,57,182,12,87,75,15,121,2,78,53,123,169,107,192,238,242,131,248,194,164,195,84,211,109,118,87,37,117,6,17,26,111,54,87,157,122,228,109,180,190,177,201,109,234,180,153,105,139,124,23,106,11,108,97,70,124,109,205,81,124,173,179,124,127,248,110,188,123,96,139,50,101,8,117,132,60,96,175,177,51,202,146,170,190,135,249,136,218,138,66,159,84,19,18,135,28,60,78,92,151,25,179,111,154,242,131,237,246,238,144,186,178,118,96,39,162,24,73,73,8,130,7,54,76,135,132,119,213,198,245,140,220,191,148,192,66,192,138,97,78,90,119,2,74,43,119,88,100,180,116,239,125,134,194,170,132,93,219,120,129,93,117,119,10,132,20,109,161,81,146,180,221,100,170,185,179,126,117,241,69,165,111,32,128,31,45,9,110,105,65,113,185,196,71,241,165,177,238,131,250,174,199,129,84,146,61,15,10,122,4,58,89,58,168,42,144,135,165,215,135,247,235,226,141,198,165,95,131,24,143,72,63,75,52,143,18,72,100,148,113,128,230,146,242,144,155,183,129,144,48,172,129,79,73,128,125,4,142,64,129,157,113,203,152,244,136,121,193,156,78,75,201,51,107,82,63,117,3,117,34,114,187,93,169,
Smooth: 1
MultiColor: 0
BlendMC: 0
MultiColors: 
Power: 3
FractalType: 43
Slopes: 0
SlopePower: 50
SlopeRatio: 50
SlopeAngle: 45
imag: 1
real: 1
SeedR: 0
SeedI: 0
FactorAR: 1.75
FactorAI: 0
