Re: -1.9872897514134698142565704361678715271945399317603859136683061949701557321056078783943303532274536105542064338113397043176720456884948801538084986158513692098615055220159331037176801889051272175185409487467780761351060996108392497378323193355
Im: 0.00000046043946335366334025743722309216902362509558936961109338041102628691398774270598645186088302730692655426012765090825772828507424431305798298648452181261244858264801539564569802702734789163659191641836808406170044015821728645999176533
Zoom: 1.68324348849E212
Iterations: 100227
IterDiv: 50.000000
SmoothMethod: 1
ColorMethod: 0
ColorOffset: 0
Rotate: 0.000000
Ratio: 360.000000
Colors: 64,141,61,191,249,125,203,135,101,15,10,51,92,95,98,220,232,212,120,176,240,108,36,161,115,62,110,76,199,151,202,199,171,183,73,88,5,50,3,114,160,39,224,200,139,107,110,160,104,59,110,115,128,123,88,183,214,209,135,245,160,82,155,0,112,66,138,157,84,224,141,132,93,109,93,102,115,21,117,133,52,101,129,167,212,128,218,138,135,162,1,121,127,162,105,181,219,130,214,78,160,132,103,129,27,121,81,34,112,113,113,211,180,126,115,154,73,6,69,84,185,81,189,210,183,251,64,189,187,106,76,106,126,46,120,122,165,162,206,221,112,94,103,16,16,20,18,206,129,121,197,239,179,51,146,138,112,12,116,132,83,186,130,236,245,199,192,180,76,27,70,31,39,56,224,209,115,181,230,114,40,64,44,121,10,39,139,166,145,135,248,227,189,111,191,61,4,127,49,117,151,238,243,202,160,157,154,32,20,41,132,77,13,144,217,92,138,190,142,177,54,102,51,54,81,70,179,164,248,202,249,138,93,213,29,52,114,145,142,93,148,194,142,138,124,129,164,69,39,43,117,7,92,170,97,252,140,186,114,96,168,29,111,121,160,144,160,150,137,232,136,120,201,152,124,85,40,124,35,115,118,90,252,131,125,90,147,72,33,123,39,174,93,120,150,123,225,132,171,219,140,140,139,41,73,126,137,98,180,246,183,168,68,171,63,42,70,2,188,63,65,146,177,146,126,206,132,131,87,90,46,31,140,158,149,236,236,233,234,46,123,131,55,13,74,201,106,114,140,241,137,120,170,66,123,17,8,54,60,72,176,225,182,221,213,197,29,44,138,72,22,138,212,189,209,132,242,213,114,87,108,117,4,25,
Smooth: 1
MultiColor: 0
BlendMC: 0
MultiColors: 
Power: 2
FractalType: 0
Slopes: 0
SlopePower: 50
SlopeRatio: 50
SlopeAngle: 45
imag: 1
real: 1
SeedR: 0
SeedI: 0
FactorAR: 1
FactorAI: 0
