Re: 0.293858506944444478654077
Im: 0.0155598958333338071724875
Zoom: 256
Iterations: 3001
IterDiv: 1.000000
SmoothMethod: 0
ColorMethod: 0
ColorOffset: 0
Rotate: 0.000000
Ratio: 360.000000
Colors: 191,119,205,45,93,166,117,126,69,112,99,56,133,127,146,228,209,207,71,129,150,28,8,58,193,117,67,153,251,162,133,141,205,142,24,132,24,112,51,137,182,80,245,132,177,86,129,200,83,135,115,125,67,47,93,99,95,215,227,190,161,170,191,3,9,97,132,76,46,183,231,112,124,171,199,168,57,179,61,101,81,52,145,50,238,121,130,158,160,205,63,165,164,126,52,68,83,58,57,160,221,148,228,209,207,42,34,148,59,48,57,187,194,68,132,179,164,164,96,205,125,114,130,10,116,50,170,90,81,222,170,179,78,205,199,111,63,112,98,22,46,98,191,97,240,233,191,128,74,190,14,44,95,152,156,47,152,163,115,143,123,200,177,147,177,30,109,80,79,52,51,240,155,132,130,238,205,91,96,162,120,3,67,62,150,58,193,232,150,213,114,207,27,64,146,91,130,56,166,129,69,126,128,166,193,183,205,96,126,128,13,22,49,197,120,83,191,252,180,87,138,198,129,8,110,67,111,46,118,208,99,251,137,192,95,99,189,38,127,94,156,94,46,125,108,116,172,210,201,170,163,176,8,14,78,113,78,51,227,241,134,113,176,206,122,37,161,99,89,65,57,171,59,223,137,152,184,134,207,26,148,144,118,71,55,137,71,71,135,213,168,211,204,204,63,30,126,32,43,49,211,208,85,160,194,182,110,76,197,132,92,109,40,136,46,148,114,101,245,154,193,70,185,187,69,71,92,144,32,47,110,192,118,203,235,201,148,66,174,0,29,77,145,168,52,201,188,136,112,110,206,147,117,159,69,118,64,67,78,60,244,151,153,151,222,207,42,95,142,131,5,54,107,154,72,160,245,170,214,108,203,33,39,124,61,134,48,208,160,86,136,126,183,140,154,196,119,125,107,24,44,46,181,124,103,224,245,194,60,135,186,100,1,90,119,112,47,110,229,120,229,140,202,116,70,173,8,120,75,167,123,53,170,117,138,127,186,206,159,154,157,37,25,63,92,83,61,250,243,155,120,177,206,70,22,140,128,81,54,84,195,74,191,152,171,200,108,203,15,131,122,94,93,47,190,87,88,126,200,185,169,194,195,92,31,105,24,43,46,210,218,105,194,204,195,65,58,185,121,73,88,88,157,47,128,138,122,242,136,203,82,162,171,30,83,74,174,48,54,141,189,140,154,231,206,155,61,155,13,20,61,124,178,63,239,208,157,100,97,206,100,90,138,110,130,53,75,106,75,222,144,173,173,200,202,12,97,120,123,14,47,161,157,90,132,250,186,190,103,194,60,20,103,40,139,46,226,188,107,161,123,196,86,123,183,127,125,86,60,69,48,156,126,124,239,230,203,55,132,170,61,1,72,165,114,54,123,244,142,185,141,207,135,44,153,2,115,60,157,153,64,215,126,159,96,159,206,127,144,136,81,43,52,83,90,77,245,239,174,140,175,201,25,12,118,140,76,47,131,216,92,154,163,187,196,81,193,29,115,101,69,118,46,226,104,109,135,182,197,115,181,182,117,39,85,42,49,49,189,223,126,221,209,204,42,44,168,93,58,71,143,177,55,120,160,144,213,116,207,105,138,152,7,98,59,182,68,65,183,182,161,108,221,206,143,60,134,50,17,51,105,186,78,253,223,176,108,85,201,51,65,116,140,142,46,106,135,94,184,134,188,185,175,192,8,102,99,102,30,46,210,157,110,122,248,198,146,99,180,93,8,83,39,145,49,219,213,128,
Smooth: 1
MultiColor: 0
BlendMC: 0
MultiColors: 
Power: 2
FractalType: 0
Slopes: 0
SlopePower: 50
SlopeRatio: 50
SlopeAngle: 45
imag: 1
real: 1
SeedR: 0
SeedI: 0
FactorAR: 1
FactorAI: 0
