Re: -0.1672812829892998153364953930019073170591
Im: -1.04131079705971005901583412277878318711595
Zoom: 7.77999999999E19
Iterations: 4030
IterDiv: 4.000000
SmoothMethod: 0
ColorMethod: 0
ColorOffset: 0
Rotate: 0.000000
Ratio: 360.000000
Colors: 9,9,69,59,16,53,161,78,126,175,163,110,132,229,237,142,243,124,184,203,204,144,136,28,36,79,123,16,59,24,132,76,166,234,109,141,199,130,205,106,126,167,90,108,102,126,98,103,107,116,22,56,160,149,93,205,88,209,220,248,245,187,121,138,115,203,30,39,42,52,1,104,135,21,48,150,90,132,118,172,172,145,225,171,207,226,202,176,183,75,54,126,129,2,88,3,97,84,157,208,104,82,199,124,241,126,123,136,115,100,185,146,78,72,112,80,74,38,118,80,60,179,96,185,227,202,252,232,142,171,183,227,60,102,61,59,28,140,121,1,2,126,32,147,94,104,94,133,176,218,219,213,165,209,203,157,84,162,108,2,122,41,69,105,110,176,114,65,185,131,221,133,133,127,136,110,237,171,74,66,130,52,133,33,69,18,29,126,121,151,197,120,244,243,184,193,236,199,92,175,126,78,90,142,121,24,15,110,9,129,68,49,48,109,117,225,216,174,129,236,194,228,120,177,87,18,144,111,54,123,48,147,126,86,163,145,151,126,155,149,145,137,231,196,93,103,159,48,165,43,32,4,7,66,132,114,138,49,222,213,210,201,252,148,118,232,205,103,162,120,135,80,80,108,28,81,46,26,51,76,69,177,199,126,123,251,164,249,156,168,96,45,148,170,54,129,12,126,130,117,138,152,67,107,174,180,141,173,179,214,134,173,193,74,157,68,25,51,0,20,110,81,69,25,192,151,191,194,225,112,132,252,251,126,220,105,158,149,158,119,76,35,34,39,88,43,49,96,169,90,144,250,131,211,184,148,143,76,138,188,67,121,31,119,119,125,117,142,16,81,179,187,122,201,119,219,183,234,224,126,131,102,55,132,
Smooth: 1
MultiColor: 0
BlendMC: 0
MultiColors: 
Power: 2
FractalType: 0
Slopes: 0
SlopePower: 50
SlopeRatio: 50
SlopeAngle: 45
imag: 1
real: 1
SeedR: 0
SeedI: 0
FactorAR: 1
FactorAI: 0
