Re: -0.917454831467558334856140364697795
Im: 0
Zoom: 1.20000E6
Iterations: 20001
IterDiv: 10.000000
SmoothMethod: 0
ColorMethod: 0
ColorOffset: 0
Rotate: 0.000000
Ratio: 360.000000
Colors: 65,51,168,27,66,124,47,165,133,73,64,70,102,155,172,27,220,154,203,171,161,42,193,29,148,190,0,168,91,113,14,74,76,83,137,189,142,0,104,167,123,120,131,17,73,42,86,26,234,82,1,236,48,133,148,240,53,138,138,62,250,108,147,88,78,205,151,23,242,125,247,229,250,76,22,45,118,28,24,16,82,58,233,90,123,238,129,180,67,80,103,27,7,94,116,144,15,76,218,17,181,27,101,201,202,109,0,132,53,152,122,101,221,249,138,219,202,139,17,209,135,183,160,37,202,110,58,92,86,118,91,148,33,1,56,185,178,132,73,252,206,198,5,129,83,56,237,88,100,132,203,175,198,104,60,70,138,197,108,35,237,243,33,134,124,88,251,31,124,57,250,127,136,207,64,205,124,158,24,186,146,2,56,182,203,11,67,101,145,138,146,76,154,108,52,209,15,71,51,98,238,51,25,244,173,219,179,175,32,212,21,231,156,45,222,79,93,71,190,105,37,230,53,65,38,137,157,91,34,247,106,234,209,27,177,66,131,17,231,144,6,129,236,201,202,44,71,224,67,196,180,60,143,1,220,105,89,241,99,14,253,144,39,31,236,152,199,83,83,154,99,217,247,78,163,71,99,40,251,211,70,43,45,197,23,2,15,44,250,77,142,208,231,57,243,105,9,83,101,14,100,158,175,240,187,226,68,72,177,72,128,142,46,36,49,236,4,18,86,242,211,68,39,139,42,26,85,48,238,243,146,91,0,68,84,63,26,231,214,182,250,181,96,123,195,86,201,153,160,88,58,35,170,127,52,38,12,92,213,220,100,33,87,34,109,180,217,44,220,2,98,120,135,150,35,0,204,106,252,180,49,253,66,39,
Smooth: 1
MultiColor: 0
BlendMC: 0
MultiColors: 
Power: 3
FractalType: 43
Slopes: 0
SlopePower: 50
SlopeRatio: 50
SlopeAngle: 45
imag: 1
real: 1
SeedR: 0
SeedI: 0
FactorAR: 2.3
FactorAI: 0
