Re: -0.27252167675292428642729914866354
Im: -0.840146697040371602250729979770065
Zoom: 9.60000000E9
Iterations: 3001
IterDiv: 4.000000
SmoothMethod: 0
ColorMethod: 0
ColorOffset: 0
Rotate: 0.000000
Ratio: 360.000000
Colors: 192,183,194,182,208,90,109,191,203,110,149,119,199,115,204,235,115,148,168,153,199,122,209,176,182,248,188,251,246,199,214,205,171,134,153,216,146,123,151,225,133,225,230,174,128,144,216,225,103,227,105,165,196,218,211,138,84,148,86,202,69,68,67,93,90,180,164,132,55,145,161,153,53,151,49,32,104,124,103,46,49,135,11,95,63,18,57,2,59,69,51,106,70,123,126,48,93,106,88,14,59,33,24,18,109,111,11,26,135,46,132,65,104,29,31,151,154,105,161,39,174,132,174,135,90,57,71,68,190,106,86,81,197,138,200,203,196,109,129,227,204,114,216,138,196,174,202,245,133,167,186,123,192,126,153,192,171,205,177,247,246,211,223,248,158,138,209,223,131,153,136,208,115,227,228,115,113,146,149,221,90,191,91,141,208,208,198,183,72,148,127,188,61,70,58,70,45,162,144,61,50,142,103,134,54,138,48,17,138,104,84,99,54,131,43,77,71,5,64,1,7,54,39,48,81,118,99,37,107,129,102,27,119,27,22,78,124,109,37,27,149,25,147,87,56,35,42,114,168,105,167,51,184,185,185,160,162,73,89,120,198,108,92,99,199,102,204,221,148,129,149,206,203,117,241,158,190,235,196,250,193,184,201,146,183,130,127,205,159,146,165,238,193,220,228,235,143,141,241,226,117,206,121,188,148,224,221,102,98,147,92,213,78,120,78,117,162,195,182,185,62,147,167,171,56,114,52,49,56,144,124,25,48,139,37,114,57,78,51,7,119,85,66,129,60,127,99,61,81,48,75,6,7,42,29,5,94,115,43,30,121,99,117,44,138,26,25,138,140,106,103,31,162,61,161,111,45,45,55,70,180,105,126,64,
Smooth: 1
MultiColor: 0
BlendMC: 0
MultiColors: 
Power: 2
FractalType: 0
Slopes: 0
SlopePower: 50
SlopeRatio: 50
SlopeAngle: 45
imag: 1
real: 1
SeedR: 0
SeedI: 0
FactorAR: 1
FactorAI: 0
