Re: 0.485477042285841156035527795830085
Im: -0.007899591041489939891060566168615
Zoom: 3.60000000E9
Iterations: 10001
IterDiv: 1.000000
SmoothMethod: 0
ColorMethod: 0
ColorOffset: 0
Rotate: 0.000000
Ratio: 360.000000
Colors: 99,102,71,153,178,109,154,167,178,44,95,147,121,115,242,221,216,223,84,14,132,99,114,238,115,40,170,246,137,151,139,8,116,180,220,94,213,173,224,193,160,178,217,251,197,8,203,142,16,89,130,166,77,79,214,77,177,97,46,222,117,236,67,188,196,133,39,67,215,142,133,255,95,7,42,28,35,167,196,30,234,43,234,211,155,239,93,133,163,187,142,115,151,223,96,131,26,130,46,49,2,55,16,203,182,209,90,224,218,121,102,246,47,253,148,123,180,107,142,254,18,223,209,159,54,153,105,196,64,82,251,14,156,208,9,140,110,185,114,46,52,165,56,124,167,118,134,135,225,236,242,32,197,116,255,73,156,65,230,233,252,158,150,196,238,131,249,169,79,102,121,237,119,83,195,25,25,63,202,224,106,154,15,84,134,35,33,89,15,0,95,89,23,14,5,57,64,118,103,140,33,129,119,7,236,173,141,53,78,0,104,108,151,156,112,0,27,148,61,182,216,254,93,124,89,73,82,87,218,209,219,156,172,177,117,99,219,216,32,57,15,96,102,21,176,27,154,142,77,110,94,74,63,98,103,186,137,248,133,4,3,189,221,65,184,159,121,233,140,255,4,139,34,7,206,194,252,62,23,100,228,89,137,252,139,85,6,123,113,194,164,42,4,98,246,227,12,242,142,129,70,72,191,149,79,158,168,91,196,46,109,236,168,255,200,180,6,254,193,39,215,80,185,176,37,231,173,234,113,83,185,19,83,219,219,190,96,205,250,199,80,18,39,140,97,5,34,90,246,134,32,38,132,73,203,126,174,116,139,191,175,106,4,135,249,225,224,109,27,59,206,240,232,19,202,174,214,22,160,215,164,20,171,224,
Smooth: 1
MultiColor: 0
BlendMC: 0
MultiColors: 
Power: 3
FractalType: 43
Slopes: 0
SlopePower: 50
SlopeRatio: 50
SlopeAngle: 45
imag: 1
real: 1
SeedR: 0
SeedI: 0
FactorAR: 2.25
FactorAI: 0
