Re: 0.28754140869455622476992579104573
Im: 0.01225241790266957461898469386287
Zoom: 8.999999E7
Iterations: 3001
IterDiv: 16.000000
SmoothMethod: 0
ColorMethod: 0
ColorOffset: 0
Rotate: 0.000000
Ratio: 360.000000
Colors: 125,60,13,92,88,31,72,66,33,146,199,127,132,95,187,202,102,168,82,240,120,41,230,46,12,190,117,222,40,37,81,87,217,4,24,14,202,46,231,1,21,34,203,85,89,213,120,61,13,177,62,31,20,221,56,242,145,191,199,235,252,191,62,88,118,78,223,204,89,39,7,124,20,213,165,233,54,118,240,191,200,190,90,253,224,63,191,87,115,231,227,217,107,202,27,204,249,33,74,221,45,147,15,124,196,180,61,131,65,204,140,24,63,217,142,212,5,215,228,37,91,62,177,240,156,205,79,123,13,134,65,139,109,250,105,201,205,198,123,106,162,94,178,15,25,9,194,234,170,45,13,35,240,205,25,122,184,80,66,45,88,132,172,28,66,226,124,43,216,20,72,232,130,180,203,110,254,87,222,137,248,202,164,26,219,155,4,189,230,219,92,170,130,35,115,217,211,213,176,106,141,164,138,67,9,87,64,251,152,201,202,247,23,53,15,210,195,176,88,2,79,247,5,185,52,107,127,10,73,90,109,77,147,128,43,196,94,206,119,127,140,106,110,124,46,246,184,19,81,21,255,145,26,43,165,36,22,101,182,247,203,250,27,157,147,176,17,179,170,161,218,193,133,63,178,98,101,150,5,165,45,209,223,178,112,0,164,177,207,24,1,231,130,59,34,34,52,58,38,88,20,89,208,139,41,82,127,239,229,156,96,79,254,236,226,173,121,253,106,41,8,141,73,36,149,168,235,164,31,40,80,250,197,125,192,163,32,170,187,109,214,144,48,218,108,111,239,201,92,170,95,83,104,202,116,244,45,198,220,235,251,130,121,227,228,149,20,210,19,79,80,34,96,251,220,15,33,97,237,80,66,143,236,249,
Smooth: 1
MultiColor: 0
BlendMC: 0
MultiColors: 
Power: 2
FractalType: 0
Slopes: 0
SlopePower: 50
SlopeRatio: 50
SlopeAngle: 45
imag: 1
real: 1
SeedR: 0
SeedI: 0
FactorAR: 1
FactorAI: 0
