Re: 0.25038618291518007112092185149729
Im: 0.00001196105844879316364370117935
Zoom: 6.400000000E10
Iterations: 1200001
IterDiv: 192.000000
SmoothMethod: 0
ColorMethod: 0
ColorOffset: 0
Rotate: 0.000000
Ratio: 360.000000
Colors: 216,27,158,32,174,54,184,206,230,2,53,249,200,123,175,26,242,148,223,94,240,123,199,7,12,31,48,15,103,240,87,15,73,229,228,96,182,196,27,128,66,158,86,183,38,152,179,250,146,242,10,15,69,65,34,242,92,255,36,120,103,70,79,50,194,217,238,148,35,100,135,86,111,5,86,27,210,10,249,81,14,253,109,88,19,222,57,230,209,175,233,170,74,54,190,47,235,254,164,4,28,159,100,26,22,63,27,109,244,89,235,230,13,189,240,128,130,216,118,171,19,54,105,238,55,69,12,207,107,92,238,247,202,251,27,146,222,85,143,245,182,11,240,131,56,59,124,209,185,185,64,8,203,156,138,139,86,253,162,218,235,251,181,183,84,2,18,135,112,78,153,250,62,170,111,238,55,126,247,145,225,8,254,198,161,234,54,203,208,229,230,24,18,228,223,138,227,60,178,192,115,50,32,198,180,190,210,240,177,142,75,9,33,78,26,173,60,39,84,244,205,133,65,81,137,30,86,185,159,48,99,7,144,9,14,159,65,205,128,81,79,116,94,129,162,18,251,133,69,91,204,79,116,102,28,76,247,177,0,139,175,102,142,34,111,220,74,206,13,97,225,217,184,55,26,65,139,220,9,22,99,142,134,36,238,15,221,210,5,166,199,74,60,102,153,218,183,178,188,154,63,1,93,80,148,223,101,144,5,53,172,40,63,201,105,187,99,8,238,171,91,4,146,60,109,185,238,247,16,148,76,77,255,54,92,125,141,117,41,184,56,163,76,130,128,19,95,91,250,218,181,159,160,211,72,171,107,230,243,65,36,137,226,46,119,134,70,41,73,255,77,255,75,176,81,237,207,117,80,77,219,12,156,118,
Smooth: 1
MultiColor: 0
BlendMC: 0
MultiColors: 
Power: 2
FractalType: 0
Slopes: 0
SlopePower: 50
SlopeRatio: 50
SlopeAngle: 45
imag: 1
real: 1
SeedR: 0
SeedI: 0
FactorAR: 1
FactorAI: 0
