Re: 0.287541546166768319997432216753742046875
Im: 0.01225239458161540527996036967755374609375
Zoom: 2.41591910400E16
Iterations: 51100
IterDiv: 24.000000
SmoothMethod: 0
ColorMethod: 0
ColorOffset: 0
Rotate: 0.000000
Ratio: 360.000000
Colors: 113,178,34,105,59,129,110,155,165,133,218,43,191,31,153,141,249,142,56,44,229,170,129,186,62,212,160,197,42,45,132,140,188,6,136,16,189,152,83,110,172,245,252,107,3,63,114,81,188,24,28,250,20,89,188,42,143,7,153,34,60,131,221,113,58,0,60,14,123,58,214,164,200,102,95,45,5,100,125,194,183,60,113,177,195,200,250,209,120,174,118,18,208,146,75,88,243,137,133,138,253,208,193,229,1,190,73,151,78,247,128,137,241,227,129,124,123,94,3,87,4,177,128,191,111,193,150,233,240,135,173,172,204,192,218,219,96,230,3,209,101,94,68,77,114,243,146,129,194,131,158,101,56,248,252,81,160,122,133,203,56,228,250,158,111,116,234,44,236,198,213,4,210,3,145,183,67,86,237,232,35,159,149,163,30,108,53,240,236,37,225,167,211,134,181,133,110,82,184,128,174,70,6,88,30,76,47,111,107,242,218,218,35,26,174,184,189,243,114,194,218,40,114,36,202,87,37,140,82,196,14,128,172,79,224,244,208,163,229,28,242,177,160,127,76,93,178,77,29,118,250,242,242,236,0,235,36,61,148,216,162,49,178,211,240,199,169,1,112,111,124,102,225,121,137,254,37,206,104,9,71,222,22,166,188,217,83,163,233,34,72,148,230,1,109,34,130,152,170,166,135,24,189,247,63,52,219,127,54,214,154,149,66,17,14,7,193,88,50,245,34,237,138,230,167,155,7,21,104,168,43,12,156,6,109,116,20,201,223,44,8,222,14,152,22,249,42,60,136,207,103,137,214,134,162,246,107,105,72,83,172,225,116,90,55,160,87,136,104,32,221,43,34,76,141,187,204,125,178,109,153,167,184,6,
Smooth: 1
MultiColor: 0
BlendMC: 0
MultiColors: 
Power: 2
FractalType: 0
Slopes: 0
SlopePower: 50
SlopeRatio: 50
SlopeAngle: 45
imag: 1
real: 1
SeedR: 0
SeedI: 0
FactorAR: 1
FactorAI: 0
