Re: 0.287541546166768317021735382272068735159762852953
Im: 0.012252394581615394300939692999348430881426883907
Zoom: 9.00099999999E30
Iterations: 1500015
IterDiv: 24.000000
SmoothMethod: 0
ColorMethod: 0
ColorOffset: 0
Rotate: 0.000000
Ratio: 360.000000
Colors: 98,15,121,20,44,223,195,76,129,33,121,255,51,243,141,96,112,86,78,154,141,227,69,31,1,186,93,60,181,188,72,242,123,250,29,1,219,108,70,69,22,231,153,69,101,73,197,10,130,247,240,45,105,137,158,52,96,195,213,31,53,199,127,61,199,138,15,68,199,133,103,161,192,173,249,13,85,164,45,97,203,49,3,171,199,238,250,129,88,64,48,149,55,140,202,138,78,168,150,6,120,144,239,9,136,91,226,125,140,109,143,14,83,237,209,59,44,122,33,173,241,25,183,200,68,114,243,129,25,61,252,111,117,247,167,36,116,217,154,189,145,10,177,184,34,20,160,6,34,149,218,97,51,55,178,224,227,225,192,201,47,47,135,166,70,32,84,155,143,15,105,246,236,229,91,8,65,140,185,52,48,167,238,69,39,128,105,4,157,65,251,11,152,104,128,212,115,117,193,21,222,229,153,80,38,100,87,165,183,63,100,236,223,24,38,0,212,221,35,93,249,251,106,238,93,206,47,32,132,92,181,59,107,68,113,242,198,241,108,57,140,19,233,86,181,80,72,59,67,54,42,19,127,117,214,27,133,75,219,179,2,63,247,181,61,18,56,5,84,243,97,105,200,242,143,155,60,183,28,157,122,116,196,77,183,24,6,57,24,198,205,180,117,133,80,42,92,57,55,176,89,210,255,223,116,195,159,227,252,181,108,207,131,125,58,51,42,76,196,241,31,38,78,76,99,150,136,66,209,159,182,28,92,245,14,67,152,110,97,85,124,179,254,120,102,59,212,239,95,122,214,235,160,85,164,163,86,218,103,166,163,46,252,112,229,198,86,60,58,218,29,26,68,23,155,65,41,149,217,166,222,8,5,206,
Smooth: 1
MultiColor: 0
BlendMC: 0
MultiColors: 
Power: 2
FractalType: 0
Slopes: 0
SlopePower: 50
SlopeRatio: 50
SlopeAngle: 45
imag: 1
real: 1
SeedR: 0
SeedI: 0
FactorAR: 1
FactorAI: 0
