Re: -0.14656125682389366767832199749893
Im: -1.045688677809070767793101514933565
Zoom: 2.15000000000E14
Iterations: 50000
IterDiv: 10.000000
SmoothMethod: 0
ColorMethod: 0
ColorOffset: 0
Rotate: 0.000000
Ratio: 360.000000
Colors: 139,219,8,85,91,53,212,160,180,188,205,79,27,108,75,107,67,193,42,112,138,41,113,91,199,185,51,4,67,31,179,174,5,216,203,221,83,163,143,104,117,53,45,206,188,46,24,205,195,76,101,49,245,222,117,235,79,124,212,98,103,246,97,14,174,138,175,66,242,90,172,73,39,29,128,181,102,20,184,244,54,63,164,36,11,210,253,40,12,227,203,252,25,101,134,69,13,89,124,45,64,67,114,109,81,219,142,171,34,6,117,7,35,4,176,241,212,235,84,61,133,84,226,121,96,84,108,126,170,174,249,69,70,70,43,252,123,217,31,89,247,236,149,47,19,2,81,63,88,18,193,80,66,56,223,130,69,171,89,223,14,239,239,51,11,76,29,29,45,126,251,103,237,174,97,147,141,161,78,182,160,48,139,138,204,248,139,190,207,82,150,144,192,134,39,158,151,59,146,249,240,50,233,124,12,52,33,92,25,73,113,255,179,43,251,18,170,250,174,214,6,49,107,186,72,217,102,47,243,253,208,184,75,93,179,64,93,102,29,177,63,98,128,194,153,237,89,17,100,168,16,113,242,49,31,133,47,82,119,142,38,120,31,129,199,103,31,93,231,45,156,187,136,84,68,166,91,92,237,174,131,105,120,56,156,56,252,24,252,87,33,98,56,150,201,124,234,185,246,120,178,111,232,161,123,136,133,84,0,98,254,18,142,164,176,210,11,47,72,156,55,82,43,83,50,61,21,211,63,185,255,60,199,22,71,140,161,100,11,116,144,230,213,100,13,195,126,233,71,255,76,56,105,170,94,11,27,87,74,171,75,208,4,78,45,8,2,164,128,81,157,173,20,207,187,205,137,45,171,34,89,142,80,21,
Smooth: 1
MultiColor: 0
BlendMC: 0
MultiColors: 
Power: 2
FractalType: 0
Slopes: 0
SlopePower: 50
SlopeRatio: 50
SlopeAngle: 45
imag: 1
real: 1
SeedR: 0
SeedI: 0
FactorAR: 1
FactorAI: 0
