Re: -1.11022371140258651303219711424135752675980380611596136392599881255
Im: -0.09409067891862615821943178466336967720569803338032974496054466695
Zoom: 1.42724769270E45
Iterations: 3001
IterDiv: 3.000000
SmoothMethod: 0
ColorMethod: 0
ColorOffset: 0
Rotate: 0.000000
Ratio: 360.000000
Colors: 75,79,132,246,197,204,55,87,30,124,207,121,90,95,39,243,217,218,35,102,130,134,226,222,105,108,40,235,233,125,19,114,23,148,240,206,116,118,125,222,246,236,7,122,53,165,250,131,123,125,11,205,252,193,0,126,118,183,253,246,126,126,68,186,253,138,0,125,4,202,251,177,124,123,109,168,248,251,5,120,83,219,243,149,118,115,1,150,236,161,16,109,98,232,229,251,107,103,99,135,220,159,33,96,3,242,211,145,93,89,87,125,201,246,52,81,115,245,191,171,78,73,11,118,180,130,74,66,77,243,169,236,63,58,129,116,158,181,95,51,23,235,148,118,48,44,66,120,138,222,116,39,140,221,128,190,38,34,40,127,120,107,134,31,58,203,112,203,31,29,149,138,106,198,148,28,60,181,101,100,29,28,52,151,97,181,157,30,155,158,94,202,33,34,83,164,93,95,161,38,49,134,93,158,43,45,159,176,94,203,160,52,107,111,96,93,58,61,50,186,99,134,155,71,159,91,103,201,77,81,131,191,108,94,146,93,54,75,114,110,100,105,157,193,120,194,134,117,154,65,126,98,125,130,63,188,132,87,122,142,152,59,138,184,149,154,176,178,144,103,110,165,75,59,149,66,172,176,146,164,154,170,100,186,195,65,158,110,193,196,91,144,160,49,94,204,140,74,162,153,209,210,211,122,162,116,92,216,110,85,161,35,219,219,133,98,158,133,96,222,222,99,155,122,224,223,130,74,150,26,104,223,127,111,144,111,223,221,229,52,137,128,117,218,152,123,128,22,217,214,123,33,120,90,134,209,232,131,109,131,207,203,174,19,99,22,155,196,121,135,88,68,193,188,229,10,77,132,176,181,194,134,66,26,178,173,121,7,56,48,197,165,223,129,45,131,162,158,214,10,36,34,217,151,123,119,27,31,148,144,213,18,19,128,234,139,229,105,13,46,137,134,127,31,7,16,246,130,200,87,3,122,129,128,241,48,0,60,252,126,134,69,0,7,126,126,185,66,0,114,253,127,249,51,2,75,128,130,144,84,5,1,247,133,169,34,10,104,135,137,252,102,16,92,236,143,154,20,24,2,146,149,153,117,32,93,220,156,249,11,41,107,159,164,165,128,51,6,200,171,138,7,62,82,175,179,242,134,73,122,179,187,176,9,83,16,190,194,124,136,94,71,158,202,229,17,105,135,204,208,186,132,115,31,137,214,112,31,124,62,215,218,212,125,133,145,119,222,195,50,140,50,222,224,103,114,146,54,105,225,193,71,151,153,223,224,201,102,156,71,96,223,97,95,158,50,219,219,170,88,159,157,92,214,204,119,160,94,210,208,94,76,159,49,92,200,146,142,157,159,195,192,203,67,153,119,98,182,93,162,149,52,175,171,122,61,144,158,107,160,198,177,138,143,152,148,96,60,132,58,119,136,98,188,126,154,128,123,189,65,120,166,131,111,100,193,114,69,103,99,76,74,108,149,143,87,177,193,103,186,80,76,106,89,99,83,152,66,57,188,95,143,60,57,162,108,92,203,159,49,113,179,91,100,44,42,42,131,91,137,160,37,143,167,92,217,33,33,119,154,94,120,157,30,30,154,97,130,28,29,122,178,103,226,149,30,125,141,109,141,29,32,23,200,116,125,135,34,100,130,124,231,36,39,130,219,133,163,118,44,21,122,143,122,46,50,79,234,154,231,98,57,132,117,164,184,60,64,23,243,175,120,77,72,58,118,186,226,
Smooth: 1
MultiColor: 0
BlendMC: 0
MultiColors: 
Power: 2
FractalType: 4
Slopes: 0
SlopePower: 50
SlopeRatio: 50
SlopeAngle: 45
imag: 1
real: 1
SeedR: 0
SeedI: 0
FactorAR: 1
FactorAI: 0
