Re: -1.572507313309999947600482549894626530077803171791702710158197000807164988602838885
Im: 0
Zoom: 1.75000000000E32
Iterations: 12090
IterDiv: 8.000000
SmoothMethod: 0
ColorMethod: 0
ColorOffset: 0
Rotate: 0.000000
Ratio: 360.000000
Colors: 78,100,88,166,90,110,157,154,248,204,206,96,37,140,140,124,31,42,45,49,96,236,189,216,128,248,124,179,133,191,32,8,25,99,54,90,129,195,157,182,226,141,188,122,229,64,48,39,110,93,103,43,159,90,228,154,142,125,125,239,200,132,75,19,137,132,117,94,35,94,75,133,206,145,215,167,216,119,99,161,171,88,36,9,53,30,121,208,168,162,132,253,154,210,157,205,18,21,18,127,39,118,66,173,96,225,223,171,146,139,219,135,63,57,62,90,128,71,145,36,178,144,169,149,126,205,207,144,111,30,148,150,127,94,3,48,60,154,235,131,163,131,221,162,169,183,176,39,48,6,92,15,136,142,145,104,173,252,195,194,179,191,54,38,44,116,30,126,42,151,46,232,216,202,124,152,187,194,78,103,22,92,130,112,135,9,105,133,185,198,123,159,174,153,165,87,162,143,96,98,4,49,46,156,216,112,112,128,222,210,208,203,157,17,64,36,125,4,128,74,120,61,220,245,227,153,199,162,123,58,96,71,27,112,65,131,24,189,205,213,142,160,149,210,94,163,24,98,110,128,128,13,52,120,177,234,116,120,135,158,218,158,177,120,46,108,38,85,36,133,154,92,81,165,216,243,199,222,132,44,84,90,120,0,98,43,96,48,234,232,234,125,213,135,187,80,157,27,29,81,106,114,33,117,190,195,190,163,125,181,107,216,75,108,84,103,126,48,45,109,141,223,104,102,126,159,249,205,193,99,17,122,89,122,31,90,83,70,77,213,205,246,160,238,117,111,108,149,79,1,58,59,73,61,199,215,209,137,222,126,210,101,207,20,36,51,128,101,65,58,174,150,230,161,123,140,118,244,147,120,67,54,129,94,
Smooth: 1
MultiColor: 0
BlendMC: 0
MultiColors: 
Power: 2
FractalType: 0
Slopes: 0
SlopePower: 50
SlopeRatio: 50
SlopeAngle: 45
imag: 1
real: 1
SeedR: 0
SeedI: 0
FactorAR: 1
FactorAI: 0
