Re: -1.986157250731337618328301056757443658424488727631913410435557694462629942759179675
Im: 0
Zoom: 3.40000000000E29
Iterations: 12345
IterDiv: 6.000000
SmoothMethod: 0
ColorMethod: 0
ColorOffset: 0
Rotate: 0.000000
Ratio: 360.000000
Colors: 150,123,85,220,180,201,138,208,253,142,194,191,180,152,74,67,116,13,5,114,55,132,151,149,190,206,202,129,247,179,168,247,124,208,208,100,78,156,115,8,124,127,118,131,108,155,171,85,109,214,106,183,227,171,232,199,216,96,141,179,24,87,78,113,67,8,121,87,42,82,129,157,187,159,245,246,152,225,115,107,120,52,49,33,119,12,37,92,16,114,54,56,179,179,104,179,247,126,138,131,108,115,85,62,126,136,20,136,73,11,111,28,44,73,163,101,79,235,150,147,139,162,219,121,135,214,161,93,120,66,69,21,10,84,12,144,135,108,211,194,218,137,227,242,152,218,164,190,178,66,70,135,36,4,123,87,126,151,152,179,202,168,123,244,143,175,249,125,217,212,138,84,156,151,12,116,124,115,113,70,144,146,54,101,189,112,186,207,204,238,185,238,102,130,167,32,72,52,114,45,0,110,59,62,73,100,178,185,136,240,248,139,197,121,102,103,62,46,51,124,6,74,84,6,129,45,45,153,174,97,138,245,129,125,135,121,145,97,81,168,143,39,146,69,25,81,21,54,36,157,111,74,229,165,174,139,185,245,132,165,210,170,123,96,66,93,7,7,100,27,138,145,132,201,203,219,134,241,215,161,236,139,199,196,74,74,149,74,6,127,114,122,144,138,167,190,126,117,233,117,180,242,142,225,209,180,90,151,174,17,103,105,114,91,34,132,117,39,92,160,132,187,184,232,242,168,240,109,117,145,41,59,34,116,25,10,100,34,88,63,75,187,183,117,216,248,130,165,126,102,101,74,51,84,129,9,110,78,4,128,36,40,114,169,96,101,240,137,129,138,140,182,109,106,199,152,64,140,67,45,48,15,68,15,
Smooth: 1
MultiColor: 0
BlendMC: 0
MultiColors: 
Power: 2
FractalType: 0
Slopes: 0
SlopePower: 50
SlopeRatio: 50
SlopeAngle: 45
imag: 1
real: 1
SeedR: 0
SeedI: 0
FactorAR: 1
FactorAI: 0
