Re: -1.94035872781895676604575532768562136078305192055789929238125618667225242619163549118236893258973278423119219648415
Im: -0.00518151048589321898376743846723925404894574261903185513969819573668377865260777801134716004276475455773449627365
Zoom: 8.00000000000E89
Iterations: 50006
IterDiv: 10.000000
SmoothMethod: 0
ColorMethod: 0
ColorOffset: 0
Rotate: 0.000000
Ratio: 360.000000
Colors: 189,177,252,125,42,101,156,235,174,26,11,19,222,228,108,118,59,69,78,148,166,136,154,186,170,58,167,118,219,171,43,27,48,236,212,116,79,67,17,126,157,186,82,120,108,239,122,248,30,128,115,134,139,157,160,93,46,142,176,77,67,71,100,135,171,129,208,110,218,30,103,139,156,193,199,128,23,33,183,250,127,4,2,13,219,228,177,120,62,120,108,146,227,87,149,145,199,73,129,117,192,81,49,65,43,204,171,129,114,103,97,123,131,240,58,128,123,252,132,211,40,100,35,131,179,121,128,49,26,189,216,152,43,42,145,136,187,196,196,106,180,69,99,99,119,199,115,131,20,14,202,247,148,1,13,79,202,214,246,123,75,125,140,140,205,44,141,54,218,97,98,117,155,54,66,111,117,160,123,176,152,144,162,119,105,214,45,136,75,247,142,138,64,76,0,128,211,152,96,17,79,226,242,233,31,25,144,135,194,183,174,105,87,117,99,66,83,194,85,134,33,81,209,225,204,16,41,136,174,186,235,126,96,66,171,133,144,13,131,4,222,125,137,119,113,95,93,160,206,111,76,176,185,182,153,117,82,123,44,143,35,222,150,114,96,60,54,124,230,220,69,2,125,248,250,240,34,24,75,133,191,133,145,107,25,166,103,108,54,179,123,135,60,171,204,188,210,48,82,124,138,149,155,130,121,13,194,125,129,0,120,42,212,153,218,121,73,132,124,203,226,64,37,100,210,211,107,117,66,57,56,147,72,183,154,154,133,53,138,121,233,238,51,6,104,252,240,173,51,39,7,130,178,127,112,112,48,209,111,198,35,156,154,135,97,199,186,141,135,93,129,76,101,109,90,133,148,39,207,117,177,6,110,115,
Smooth: 1
MultiColor: 0
BlendMC: 0
MultiColors: 
Power: 2
FractalType: 1
Slopes: 0
SlopePower: 50
SlopeRatio: 50
SlopeAngle: 45
imag: 1
real: 1
SeedR: 0
SeedI: 0
FactorAR: 1
FactorAI: 0
