Re: -0.77727232922699345412954435041186
Im: -0.11379889685836929284390123538335
Zoom: 3.000000000E10
Iterations: 50005
IterDiv: 10.000000
SmoothMethod: 0
ColorMethod: 0
ColorOffset: 0
Rotate: 0.000000
Ratio: 360.000000
Colors: 190,154,253,170,211,217,126,163,141,90,39,66,90,7,28,129,114,40,186,214,88,226,189,137,227,120,161,191,120,154,144,147,134,120,101,124,136,32,139,184,72,168,233,201,186,253,249,171,230,154,119,180,54,55,136,67,14,125,126,24,155,121,87,204,93,172,238,145,236,233,226,247,189,197,202,134,66,129,99,3,67,105,84,45,144,183,66,187,178,106,202,129,135,175,142,139,120,173,123,69,118,110,52,24,121,75,39,157,120,169,196,154,245,208,150,179,176,107,84,107,52,84,37,15,124,2,21,103,26,61,66,99,108,122,182,129,227,234,109,227,233,60,102,184,14,15,120,0,67,76,29,154,70,81,157,92,124,124,120,130,153,127,98,200,113,50,146,93,21,30,93,32,15,125,79,132,177,134,227,220,165,190,222,155,111,174,114,108,94,73,136,23,63,98,0,95,41,36,151,89,111,199,213,187,211,246,225,183,138,212,137,39,165,107,63,116,115,132,91,160,132,99,214,105,119,245,151,128,234,220,114,190,181,85,144,52,66,126,3,81,150,98,133,199,199,198,241,185,239,249,126,228,215,132,165,161,159,81,120,108,16,118,26,6,153,55,51,199,186,124,224,249,185,207,168,207,157,69,187,102,74,147,75,124,117,90,111,113,133,80,129,171,135,142,176,229,131,141,213,96,84,84,57,39,7,45,32,74,77,65,168,145,111,168,216,139,128,250,126,149,226,79,187,154,27,131,71,2,25,18,19,25,20,66,151,69,112,238,133,126,186,177,99,98,183,50,96,160,11,129,133,10,99,125,49,53,140,104,106,160,142,222,160,140,238,128,103,120,75,59,26,32,39,63,30,61,142,79,114,144,159,167,116,230,
Smooth: 1
MultiColor: 0
BlendMC: 0
MultiColors: 
Power: 2
FractalType: 0
Slopes: 0
SlopePower: 50
SlopeRatio: 50
SlopeAngle: 45
imag: 1
real: 1
SeedR: 0
SeedI: 0
FactorAR: 1
FactorAI: 0
