Re: -1.7491026174922219920402846114986535667235755676265
Im: 0.000350041622087411597934480715810495404589710121
Zoom: 2.00000000000E24
Iterations: 209281
IterDiv: 4.000000
SmoothMethod: 0
ColorMethod: 0
ColorOffset: 0
Rotate: 0.000000
Ratio: 360.000000
Colors: 213,88,213,128,23,90,129,83,29,193,214,134,182,242,226,81,139,148,28,56,33,83,83,77,128,128,205,72,106,199,8,87,69,54,158,37,152,236,158,163,187,225,101,53,124,107,10,27,202,99,99,249,182,218,183,163,180,122,126,51,161,157,51,216,180,180,165,105,218,63,13,99,49,49,27,115,182,124,123,240,225,42,164,158,4,85,37,80,100,69,157,128,199,129,89,205,77,58,77,123,134,33,223,239,148,232,218,226,154,88,134,130,20,29,196,82,90,224,154,213,142,142,188,57,120,57,81,168,45,139,208,171,104,134,221,16,18,109,15,23,26,106,147,114,147,223,223,93,174,167,66,110,42,147,123,61,231,141,192,204,84,211,133,32,85,151,101,30,225,225,138,218,238,227,118,124,144,67,42,31,117,79,81,149,133,208,78,117,195,2,100,65,39,165,39,124,230,162,124,170,224,59,39,119,70,10,26,172,113,104,225,196,220,170,170,176,125,125,48,180,147,54,244,166,184,198,95,216,101,16,95,90,65,27,151,199,129,145,243,225,51,153,153,4,71,35,69,90,73,131,126,202,91,96,202,37,73,73,87,148,35,190,240,153,204,204,225,138,70,129,130,13,27,211,89,95,248,167,216,172,153,184,96,125,54,123,164,48,176,194,176,129,119,220,30,14,104,20,34,26,98,165,119,123,233,224,57,171,162,28,99,39,111,111,64,195,133,195,172,85,208,114,45,81,148,118,31,237,234,144,237,230,227,146,106,138,105,30,30,160,78,85,186,142,211,105,129,192,21,111,61,49,168,42,120,220,167,102,152,223,27,27,114,35,14,26,135,129,109,186,210,221,135,174,171,103,119,45,174,135,57,250,153,188,
Smooth: 1
MultiColor: 0
BlendMC: 0
MultiColors: 
Power: 2
FractalType: 0
Slopes: 0
SlopePower: 50
SlopeRatio: 50
SlopeAngle: 45
imag: 1
real: 1
SeedR: 0
SeedI: 0
FactorAR: 1
FactorAI: 0
