Re: 0.285137054106514106774060257400835
Im: 0.011004256310331420926686284078725
Zoom: 1.00000000000E14
Iterations: 50000
IterDiv: 3.000000
SmoothMethod: 0
ColorMethod: 0
ColorOffset: 0
Rotate: 0.000000
Ratio: 360.000000
Colors: 147,86,196,200,128,251,214,212,216,191,102,207,42,69,158,9,17,15,5,194,99,231,80,164,171,126,124,145,218,84,25,159,57,215,233,97,162,207,169,105,240,249,47,10,180,242,181,99,42,87,117,152,107,43,118,99,227,121,165,204,6,58,39,52,63,120,238,152,41,180,138,20,2,134,66,166,93,131,100,53,22,99,217,210,139,100,252,61,9,233,173,171,133,103,160,198,141,129,251,246,126,114,33,223,246,172,200,43,140,190,82,137,191,123,90,245,45,89,141,59,6,23,187,182,191,163,45,94,11,58,58,2,7,209,21,209,180,180,233,31,171,109,40,102,12,231,32,139,184,211,207,99,192,75,248,118,29,181,118,3,161,235,209,68,45,153,15,242,37,230,204,12,33,86,141,213,229,238,82,28,148,154,106,191,32,205,139,114,5,103,34,189,55,219,232,68,88,145,182,75,47,137,154,121,86,66,42,220,50,218,24,46,40,118,7,87,14,228,157,50,224,127,218,148,181,83,168,139,241,130,179,227,187,231,122,239,178,248,167,134,219,241,155,75,222,47,78,49,115,217,86,63,23,198,69,145,3,155,56,160,94,52,173,195,178,70,149,245,157,66,171,216,201,124,3,250,29,140,230,87,53,244,221,32,16,4,12,187,9,251,193,11,9,111,77,241,250,239,19,19,127,230,222,220,226,194,120,196,78,86,120,209,62,125,91,93,53,1,214,27,176,187,107,85,88,251,59,119,125,42,27,209,192,173,233,153,15,13,33,47,215,85,171,165,116,188,247,127,237,132,76,183,222,34,93,5,181,159,30,93,33,62,213,184,200,95,116,23,57,163,38,197,33,81,40,221,193,249,218,13,159,87,22,153,
Smooth: 1
MultiColor: 0
BlendMC: 0
MultiColors: 
Power: 2
FractalType: 0
Slopes: 0
SlopePower: 50
SlopeRatio: 50
SlopeAngle: 45
imag: 1
real: 1
SeedR: 0
SeedI: 0
FactorAR: 1
FactorAI: 0
