Re: -1.720160903072657029702431948425857905524308647419396365355
Im: 0
Zoom: 5.00000000000E18
Iterations: 13520
IterDiv: 7.000000
SmoothMethod: 0
ColorMethod: 0
ColorOffset: 0
Rotate: 0.000000
Ratio: 360.000000
Colors: 105,161,217,161,74,87,90,10,11,3,7,75,134,66,162,183,157,160,123,229,125,204,245,155,186,199,194,31,121,134,70,54,23,131,32,23,70,60,147,162,115,233,250,162,183,124,179,103,93,164,105,137,137,133,35,119,94,59,121,45,210,132,103,170,136,223,134,120,240,202,92,123,94,72,31,7,82,67,124,126,138,135,183,135,107,220,110,227,208,157,199,148,218,57,67,167,99,12,40,107,15,7,33,78,112,154,169,207,236,238,184,131,248,122,141,195,129,156,109,154,20,37,100,52,17,26,180,54,68,134,122,199,154,180,248,234,201,156,105,180,60,30,139,74,122,106,126,88,97,112,85,109,85,234,124,145,198,124,231,89,110,202,139,96,69,93,101,6,9,132,84,141,175,177,204,202,170,128,190,128,186,136,149,178,66,181,23,19,119,60,28,20,147,92,36,91,179,166,162,242,241,250,246,178,118,186,90,69,96,93,130,24,127,49,8,97,66,54,58,221,132,119,183,198,229,121,220,230,182,192,105,91,138,20,2,90,69,129,74,149,160,88,148,116,116,119,218,134,158,194,132,207,43,120,150,83,117,30,118,132,13,51,161,129,159,180,221,246,170,185,128,126,114,117,69,117,146,32,142,25,45,96,54,105,34,196,185,85,153,241,213,146,238,246,220,174,141,99,84,45,16,15,69,122,4,130,111,58,123,96,144,99,233,215,153,200,235,226,72,198,185,119,131,53,98,72,4,19,52,97,148,72,193,223,113,179,130,146,127,165,155,140,167,144,167,19,129,108,54,128,22,164,142,51,113,157,183,160,152,247,244,121,168,111,78,75,48,51,82,125,63,125,67,117,103,75,187,72,230,233,133,193,225,232,
Smooth: 1
MultiColor: 0
BlendMC: 0
MultiColors: 
Power: 2
FractalType: 0
Slopes: 0
SlopePower: 50
SlopeRatio: 50
SlopeAngle: 45
imag: 1
real: 1
SeedR: 0
SeedI: 0
FactorAR: 1
FactorAI: 0
