Re: -1.295096683736005824239421896347160205222019830404893444063752253666275062020542986432323568362907148605525593273260961158134789775
Im: -0.3523826396667981172662614406847099633283903841974207934688965132159749405910464592968230037062868655680914439243987389693561363
Zoom: 2.25000000000E107
Iterations: 50011
IterDiv: 8.000000
SmoothMethod: 0
ColorMethod: 0
ColorOffset: 0
Rotate: 0.000000
Ratio: 360.000000
Colors: 102,167,99,240,130,153,181,142,247,88,190,91,126,140,106,106,25,98,30,33,23,126,174,191,248,241,182,165,153,136,76,74,196,122,100,39,99,125,55,39,84,152,150,94,94,252,198,219,147,234,192,66,114,58,119,7,127,96,66,51,52,177,81,172,178,231,250,127,138,126,144,165,57,163,145,119,86,1,95,18,120,66,102,136,191,235,128,243,219,248,104,92,112,51,51,70,122,112,120,98,131,30,81,100,166,207,139,216,232,219,117,82,181,182,47,42,68,126,10,24,102,132,165,97,216,114,219,165,186,216,109,218,61,132,51,48,131,104,133,58,85,108,54,61,112,177,231,227,252,165,196,156,129,42,36,160,52,58,10,142,142,91,114,145,170,126,119,117,230,167,232,174,201,142,25,110,39,60,6,126,153,61,53,120,202,135,138,222,241,229,126,117,151,86,154,12,122,99,72,110,6,165,62,161,126,112,146,147,227,154,223,219,229,126,78,62,4,11,71,87,99,117,176,179,57,131,152,214,153,128,198,213,169,101,103,159,158,1,54,34,106,18,60,187,139,194,133,246,125,156,187,202,201,75,171,80,74,21,2,125,114,126,109,87,195,90,108,134,167,251,157,234,133,186,150,117,61,17,125,9,34,4,148,161,141,202,202,182,131,140,132,155,121,223,171,153,87,45,114,37,21,33,135,170,72,70,205,211,185,126,242,228,150,121,87,155,36,138,33,87,66,36,143,34,191,120,201,205,122,148,119,195,167,145,198,192,140,75,22,26,0,88,56,96,124,211,217,93,201,195,243,110,111,161,138,108,82,126,134,135,23,86,20,78,51,111,227,142,214,193,247,126,99,191,199,132,51,117,115,30,11,24,126,136,
Smooth: 1
MultiColor: 0
BlendMC: 0
MultiColors: 
Power: 2
FractalType: 0
Slopes: 0
SlopePower: 50
SlopeRatio: 50
SlopeAngle: 45
imag: 1
real: 1
SeedR: 0
SeedI: 0
FactorAR: 1
FactorAI: 0
