Re: -1.262642274928508352789882424668659435740460151273538030987089114352441135106545839484352990654164201970056377232624164179799472465828148448111422
Im: -0.039543710728033705629183426339858782267231294143682486190859308276688768671402946238355151623578727057761437054113156962472020648531827049688774
Zoom: 5.35836888692E125
Iterations: 263602
IterDiv: 24.000000
SmoothMethod: 0
ColorMethod: 0
ColorOffset: 0
Rotate: 0.000000
Ratio: 360.000000
Colors: 10,111,105,236,56,68,1,27,16,217,48,3,52,17,220,69,218,30,254,72,217,70,83,33,3,230,85,183,182,183,105,36,174,80,90,94,29,236,6,22,254,110,87,224,166,162,117,149,156,198,58,245,170,73,231,145,52,210,21,233,201,132,238,209,248,129,156,25,101,172,2,108,28,180,170,121,36,78,255,81,88,193,189,16,114,168,165,192,105,243,117,122,253,48,23,206,143,9,25,102,55,13,93,229,17,179,18,21,215,155,226,66,181,24,109,225,88,236,247,118,73,82,93,180,121,66,78,229,29,240,183,140,187,150,127,73,133,115,117,254,231,19,135,48,92,210,52,176,133,156,68,122,124,246,182,221,102,66,250,220,71,62,96,213,27,207,209,96,34,253,189,122,123,62,84,227,244,247,249,196,33,64,243,149,171,232,102,62,235,184,130,124,183,252,251,135,124,64,185,242,141,88,208,210,187,163,178,34,38,144,164,102,83,96,110,143,126,46,87,31,49,45,80,141,21,50,112,235,9,114,160,198,113,140,152,78,208,202,10,182,154,163,28,222,67,133,28,48,156,210,111,200,95,41,203,215,8,230,167,73,231,236,239,165,116,162,251,53,226,59,194,104,247,59,75,116,26,54,101,63,174,219,152,128,158,50,91,33,57,34,135,233,65,54,12,87,62,161,227,209,24,127,68,254,229,93,24,112,0,252,177,134,91,82,185,144,22,210,104,53,80,237,250,18,61,217,97,164,120,145,55,104,155,29,246,64,14,19,107,25,28,94,104,203,76,62,186,64,238,144,90,217,244,80,232,13,3,92,84,84,202,122,223,67,147,157,66,248,23,100,44,184,151,228,242,215,40,167,130,216,79,244,154,214,
Smooth: 1
MultiColor: 0
BlendMC: 0
MultiColors: 
Power: 2
FractalType: 0
Slopes: 0
SlopePower: 50
SlopeRatio: 50
SlopeAngle: 45
imag: 1
real: 1
SeedR: 0
SeedI: 0
FactorAR: 1
FactorAI: 0
