Re: -1.7505703603519881727978716636166868408672
Im: -0.011827051613293239849544748273866237938
Zoom: 1.30000000000E17
Iterations: 3001
IterDiv: 2.000000
SmoothMethod: 0
ColorMethod: 0
ColorOffset: 0
Rotate: 0.000000
Ratio: 360.000000
Colors: 118,212,115,123,87,54,163,73,71,210,200,144,148,112,136,203,110,237,61,79,110,143,247,179,0,25,10,132,148,126,43,127,40,186,186,195,138,28,150,211,166,205,174,174,138,141,72,84,135,118,88,39,149,37,112,179,169,16,7,112,167,216,252,81,112,106,238,136,181,135,48,21,222,234,109,112,87,61,123,85,163,70,158,180,51,157,173,104,97,175,71,71,56,202,241,116,122,52,15,252,133,180,110,106,103,198,221,249,46,14,118,113,163,166,34,159,47,97,117,79,117,75,91,141,160,126,213,183,212,146,21,143,222,182,203,73,127,39,157,157,129,5,19,9,123,239,173,35,93,113,163,103,230,134,111,146,198,196,139,190,89,82,146,70,45,159,218,121,44,91,94,120,117,235,6,87,126,154,242,217,67,17,40,224,154,124,139,139,21,223,164,149,135,40,137,129,165,198,90,180,182,43,52,108,104,140,117,49,142,16,192,173,142,109,6,74,252,227,242,121,105,126,210,125,212,67,67,58,114,225,103,42,87,48,78,78,114,111,180,168,117,135,164,213,103,215,140,74,83,236,246,141,85,37,1,171,140,147,14,117,72,117,205,232,30,19,144,141,165,192,129,168,90,182,94,72,202,96,80,148,155,78,182,182,196,51,12,137,131,200,238,0,120,73,142,147,149,54,31,3,206,239,134,140,90,87,219,93,205,156,135,174,135,177,161,112,92,126,39,69,40,107,231,109,31,70,49,180,125,213,96,96,124,248,234,243,129,13,80,218,159,140,89,149,23,118,141,106,54,57,114,62,163,170,107,182,208,93,35,131,209,162,159,133,135,18,247,166,126,98,10,36,185,236,213,29,99,129,114,114,232,30,88,104,
Smooth: 1
MultiColor: 0
BlendMC: 0
MultiColors: 
Power: 2
FractalType: 0
Slopes: 0
SlopePower: 50
SlopeRatio: 50
SlopeAngle: 45
imag: 1
real: 1
SeedR: 0
SeedI: 0
FactorAR: 1
FactorAI: 0
