Re: -1.2547161732317854935643333567279184435602400384300609811320234341503633288227432407834278963370735
Im: -0.03269356488467094725488977938635179185342173381537044854150052466896323032941503453308980975606
Zoom: 2.50000000000E72
Iterations: 60085
IterDiv: 12.000000
SmoothMethod: 0
ColorMethod: 0
ColorOffset: 0
Rotate: -0.192411
Ratio: 360.000000
Colors: 188,125,212,100,56,132,85,94,124,188,238,232,160,202,206,78,69,125,154,88,199,206,123,247,113,61,147,113,116,139,213,246,228,171,183,174,98,54,87,182,88,157,221,123,181,124,69,69,138,136,69,234,250,152,179,162,85,115,40,11,206,92,95,230,126,113,131,78,12,159,155,40,248,249,130,180,138,67,127,29,22,223,98,126,231,131,145,133,88,58,174,171,111,253,242,202,175,114,135,133,21,105,232,107,214,224,137,214,129,99,125,182,183,182,250,232,253,162,90,164,134,18,134,233,119,228,210,144,198,118,109,99,182,192,154,238,217,199,143,66,94,129,19,69,225,133,156,187,151,109,103,117,18,176,197,86,219,199,125,119,46,24,118,25,25,212,150,123,160,157,77,84,124,10,166,199,103,194,179,144,91,28,55,106,36,84,194,167,188,130,162,139,65,128,89,153,196,191,167,158,218,64,15,126,93,51,164,174,183,252,99,164,181,46,130,130,140,191,223,139,137,219,39,6,114,81,69,149,154,199,214,70,164,120,32,129,72,128,183,159,114,116,135,18,2,30,74,90,78,137,213,136,46,161,40,23,126,15,121,174,114,93,98,88,5,4,5,73,114,80,125,224,141,29,154,56,21,121,59,120,164,170,78,82,141,0,10,75,78,138,166,119,232,218,20,145,128,28,115,144,124,153,245,71,69,195,3,21,127,91,163,213,119,235,236,20,133,130,43,108,144,134,144,224,70,60,147,14,36,78,110,186,159,124,233,159,27,119,48,65,102,73,149,135,145,76,55,61,34,54,10,134,207,104,134,227,101,40,103,5,93,96,58,168,129,137,87,54,60,58,73,38,161,225,149,147,217,144,58,86,64,123,91,138,
Smooth: 1
MultiColor: 0
BlendMC: 0
MultiColors: 
Power: 2
FractalType: 0
Slopes: 0
SlopePower: 50
SlopeRatio: 50
SlopeAngle: 45
imag: 1
real: 1
SeedR: 0
SeedI: 0
FactorAR: 1
FactorAI: 0
