Re: -1.750570360351988172795436332058850552912856882511
Im: -0.011827051613293239817889765305540420021936708784
Zoom: 2.00000000000E23
Iterations: 50036
IterDiv: 1.000000
SmoothMethod: 0
ColorMethod: 4
ColorOffset: 0
Rotate: 0.000000
Ratio: 360.000000
Colors: 37,9,70,249,179,191,66,116,69,126,242,197,97,64,82,223,114,189,40,46,109,123,169,169,183,183,144,111,150,144,91,115,180,124,26,121,218,157,211,13,116,107,173,247,229,126,66,106,172,131,232,16,21,119,214,183,220,129,155,145,85,185,197,117,96,177,177,51,170,129,126,211,35,126,145,227,239,237,95,80,128,127,138,251,66,7,125,247,189,249,41,132,137,124,216,232,151,78,160,160,79,205,63,91,190,123,144,174,213,219,218,43,105,145,141,134,240,125,7,126,199,183,248,0,118,121,206,238,241,128,66,129,119,106,219,69,56,150,200,163,188,130,193,177,46,138,153,189,121,202,129,19,122,128,165,218,44,115,101,253,247,222,55,64,94,125,126,211,115,28,101,204,179,185,45,164,120,123,173,151,196,103,145,87,42,114,107,137,168,124,122,82,215,243,183,4,74,61,186,137,183,127,10,55,155,189,170,30,139,64,213,206,143,129,84,84,70,69,108,142,103,108,162,137,72,129,227,131,34,95,42,240,136,146,79,5,24,126,186,147,81,122,21,237,232,133,39,69,32,124,97,108,168,68,55,136,157,75,76,202,82,123,126,42,218,126,108,26,13,15,158,173,124,126,115,2,186,246,127,6,63,4,212,120,116,128,36,20,102,174,93,93,174,48,189,161,63,129,109,79,39,33,34,209,148,107,111,118,13,127,246,126,54,69,4,252,135,132,46,15,11,125,187,123,133,147,33,183,196,102,52,90,65,123,60,76,206,115,100,64,131,51,124,233,131,125,87,34,208,138,152,0,6,30,198,188,159,128,126,42,138,225,151,48,73,67,208,88,132,129,79,102,57,150,108,166,211,138,145,115,85,129,131,170,
Smooth: 1
MultiColor: 0
BlendMC: 0
MultiColors: 
Power: 2
FractalType: 0
Slopes: 0
SlopePower: 50
SlopeRatio: 50
SlopeAngle: 45
imag: 1
real: 1
SeedR: 0
SeedI: 0
FactorAR: 1
FactorAI: 0
