Re: -1.99213324664384300764723417856669787618617795243189230234055190796143103369849536037037015
Im: -0.0000000000000000000005853235087308088010947951849514881620199786941430126783556081481483
Zoom: 1.35000000000E48
Iterations: 100000
IterDiv: 10.000000
SmoothMethod: 0
ColorMethod: 0
ColorOffset: 0
Rotate: 0.000000
Ratio: 360.000000
Colors: 74,171,114,120,75,96,132,57,176,125,206,251,169,205,203,126,27,99,41,53,80,136,230,131,240,182,120,102,37,36,3,93,16,163,185,114,239,138,202,84,111,178,41,128,126,162,93,161,173,119,224,109,204,184,121,129,68,115,16,25,94,135,88,173,251,128,183,105,80,48,7,54,58,157,138,229,221,237,191,96,219,15,69,132,75,144,117,227,140,167,158,131,153,54,154,51,113,91,1,157,67,75,127,193,160,145,202,145,128,35,103,61,49,151,131,230,239,228,192,225,109,28,115,6,81,60,157,202,104,246,149,129,86,89,64,26,122,16,167,117,90,193,120,199,98,183,206,100,132,141,130,30,138,112,129,202,155,247,197,173,111,90,63,1,14,61,153,60,218,236,130,195,95,110,17,49,64,67,152,116,234,162,224,168,119,241,38,134,153,104,107,99,179,81,139,132,177,157,120,196,76,128,46,1,84,48,49,126,225,153,211,199,173,116,23,121,13,70,132,150,216,216,249,160,236,90,68,138,14,114,51,168,141,74,211,124,126,91,160,92,80,133,29,143,48,68,131,124,185,138,237,228,158,117,164,80,1,124,69,148,173,205,246,199,195,96,114,24,31,15,61,156,33,237,184,120,177,108,136,26,113,85,94,121,100,199,98,202,139,161,252,96,185,177,125,60,93,108,50,108,124,218,150,192,204,102,122,23,14,25,61,28,143,225,137,247,171,193,96,51,148,6,104,123,166,164,188,227,130,236,86,135,163,60,132,54,154,70,46,152,121,112,123,223,115,141,123,51,97,6,55,80,141,163,189,251,239,191,100,192,34,17,123,58,158,143,235,204,189,185,101,137,18,91,29,84,134,12,215,118,100,148,146,153,
Smooth: 1
MultiColor: 0
BlendMC: 0
MultiColors: 
Power: 2
FractalType: 0
Slopes: 0
SlopePower: 50
SlopeRatio: 50
SlopeAngle: 45
imag: 1
real: 1
SeedR: 0
SeedI: 0
FactorAR: 1
FactorAI: 0
