Re: -1.99996619445037030418434688506350579675531241540724851511761922944801584242342684381376129778868913812287046406560949864353810575744772166485672496092803920095332176654865680765204922404992285316333680318232729681290335496851
Im: -0.000000000000000000000000000000000300138243679093832407249730397759249873468311907733352701742572801204749756148235811856472992884140755192241865049781816254785289455481571221457726813080158673053373997493527657810447652545
Zoom: 5.00000000000E168
Iterations: 1200016
IterDiv: 128.000000
SmoothMethod: 0
ColorMethod: 0
ColorOffset: 0
Rotate: 0.000000
Ratio: 360.000000
Colors: 154,174,84,87,7,60,118,144,144,209,164,228,218,135,169,143,157,34,122,23,23,200,138,163,251,239,253,193,67,162,127,99,29,167,120,42,242,126,164,220,224,211,133,57,140,120,48,78,194,217,100,216,132,135,135,126,126,75,101,125,123,57,160,182,235,161,135,151,87,48,25,45,53,149,126,129,131,231,132,167,191,46,153,48,8,5,9,75,163,139,127,214,248,72,76,183,3,122,47,38,84,36,122,144,144,116,232,202,39,37,149,32,75,93,118,195,106,164,125,128,105,160,114,57,72,117,117,61,167,198,248,177,177,126,95,105,54,32,119,140,106,209,107,227,234,201,212,161,138,67,124,2,2,192,181,114,253,183,239,205,99,199,129,131,68,152,51,36,230,169,126,223,225,189,134,29,153,104,102,107,172,163,115,207,132,126,136,185,102,64,42,106,99,78,169,165,245,193,134,109,109,44,88,25,34,117,83,110,96,219,131,230,230,52,114,90,1,14,0,60,186,90,125,153,224,85,132,210,10,126,88,32,29,41,120,195,112,133,205,174,59,36,153,37,121,118,117,126,126,177,152,128,129,196,92,71,17,92,117,102,165,205,228,208,199,103,126,124,121,22,121,86,61,206,99,205,244,248,243,178,90,114,126,39,4,181,177,70,250,131,205,214,169,216,131,109,109,136,21,51,214,216,103,221,177,159,135,57,147,89,128,124,148,92,139,196,180,135,135,191,86,54,5,76,75,126,157,148,199,220,133,112,147,44,146,25,19,52,40,91,115,185,129,251,251,61,72,138,0,69,14,48,154,54,123,122,185,100,202,216,23,83,126,30,28,64,119,224,99,148,151,146,81,90,138,45,121,127,117,67,150,189,210,146,
Smooth: 1
MultiColor: 0
BlendMC: 0
MultiColors: 
Power: 2
FractalType: 0
Slopes: 0
SlopePower: 30
SlopeRatio: 70
SlopeAngle: 45
imag: 1
real: 1
SeedR: 0
SeedI: 0
FactorAR: 1
FactorAI: 0
