Re: 0.28723076830940474160558985938351991167175
Im: -0.0130034766948285182662024598735492285346
Zoom: 2.56000000000E21
Iterations: 91080
IterDiv: 10.000000
SmoothMethod: 0
ColorMethod: 0
ColorOffset: 0
Rotate: 0.000000
Ratio: 360.000000
Colors: 57,116,120,118,232,119,57,96,123,138,57,147,230,122,105,99,88,119,153,252,179,16,112,39,126,109,208,189,79,97,140,63,78,191,235,237,9,124,3,118,172,204,126,58,129,167,54,49,216,188,235,36,125,39,122,225,158,61,61,149,173,69,78,215,126,166,86,114,111,138,251,126,14,82,117,162,108,159,185,70,79,141,97,157,164,241,145,0,110,51,144,161,233,132,36,38,183,85,147,185,197,188,23,131,8,129,210,245,71,32,62,202,88,112,191,132,201,74,138,34,126,240,190,22,55,109,195,110,108,174,68,151,138,132,117,136,237,121,2,94,126,171,148,156,135,24,65,193,120,194,151,200,93,18,132,93,140,190,222,84,12,7,224,112,213,161,138,117,67,159,54,117,218,244,39,33,20,223,117,174,157,72,148,132,166,61,109,222,194,15,78,87,196,137,132,135,21,134,195,157,129,114,195,106,23,131,148,153,165,133,99,1,73,236,141,214,126,143,45,64,174,156,112,189,174,61,17,15,243,128,250,135,80,48,126,195,123,86,199,204,37,65,17,216,127,213,131,27,95,191,191,103,80,183,174,37,126,87,167,139,141,114,1,126,239,170,135,90,145,93,67,182,173,112,156,96,88,11,108,252,142,202,109,92,19,121,216,214,69,168,105,67,56,64,230,122,245,123,42,7,182,220,191,51,165,140,61,120,51,178,115,218,126,13,62,231,197,143,57,142,145,78,184,101,115,120,135,117,16,132,251,159,127,82,104,96,117,229,188,60,132,58,102,53,159,235,120,159,112,63,30,168,241,246,29,140,40,92,114,136,186,94,199,135,34,9,214,219,232,29,135,78,95,180,105,120,87,192,144,30,58,238,174,165,
Smooth: 1
MultiColor: 0
BlendMC: 0
MultiColors: 
Power: 2
FractalType: 0
Slopes: 0
SlopePower: 50
SlopeRatio: 50
SlopeAngle: 45
imag: 1
real: 1
SeedR: 0
SeedI: 0
FactorAR: 1
FactorAI: 0
