Re: -1.8486768884007090841826500695959373029394305383444766058062853492650997796090925747187977190234375
Im: -0.000007952856714976258177533017616266095289569610925890408283261576686376053941222987836144372319
Zoom: 1.60000000000E68
Iterations: 74830
IterDiv: 128.000000
SmoothMethod: 0
ColorMethod: 0
ColorOffset: 0
Rotate: 0.000000
Ratio: 360.000000
Colors: 122,193,188,137,84,11,143,60,253,16,193,27,57,16,231,126,210,62,176,101,151,188,13,13,165,198,149,193,229,46,39,243,214,8,209,139,141,166,240,127,250,199,153,164,108,11,56,196,87,170,119,240,86,102,98,23,108,190,200,216,143,101,228,149,103,242,60,201,83,217,202,155,173,154,90,179,79,56,51,76,85,237,249,138,37,28,210,14,173,135,200,201,236,194,111,13,180,232,199,234,174,140,99,183,158,242,203,239,232,127,32,63,84,111,254,220,14,198,166,26,241,137,93,59,4,45,15,132,69,80,56,151,166,167,5,252,86,56,182,1,65,201,70,196,218,152,78,142,24,76,39,98,190,44,78,214,224,143,13,34,163,147,88,119,68,18,246,146,92,210,225,144,98,252,238,4,113,208,176,71,75,150,154,15,159,216,101,67,135,206,177,14,85,26,239,51,143,182,126,160,56,42,20,69,81,2,96,38,160,127,238,175,176,141,74,72,25,245,104,42,1,212,67,113,227,76,197,114,144,121,231,78,115,166,25,200,24,193,228,83,240,13,206,111,78,23,126,54,182,235,32,50,87,135,11,114,214,144,161,221,77,68,119,198,148,176,183,192,191,35,194,179,231,226,25,47,46,29,125,1,253,34,85,4,144,209,81,58,181,80,77,27,208,0,120,45,35,175,181,213,76,15,65,109,15,102,150,150,86,136,144,208,118,3,207,72,180,153,92,240,8,243,143,213,33,147,48,174,168,11,220,176,201,108,170,170,240,2,15,77,208,62,255,203,170,244,85,165,204,199,117,189,88,225,48,179,70,231,232,110,172,43,244,249,61,36,69,145,16,28,74,252,164,41,18,28,32,94,177,195,223,66,228,201,
Smooth: 1
MultiColor: 0
BlendMC: 0
MultiColors: 
Power: 2
FractalType: 8
Slopes: 0
SlopePower: 50
SlopeRatio: 50
SlopeAngle: 45
imag: 1
real: 1
SeedR: 0
SeedI: 0
FactorAR: 1
FactorAI: 0
