Re: -1.6615097016688850801018191712864935157877
Im: -0.0002411564985201805683685949607907392686
Zoom: 1.20000000000E16
Iterations: 3001
IterDiv: 12.000000
SmoothMethod: 0
ColorMethod: 0
ColorOffset: 1005
Rotate: 0.000000
Ratio: 360.000000
Colors: 0,0,0,103,136,215,133,157,28,190,40,233,217,226,236,85,180,53,133,15,50,250,189,15,122,136,34,250,174,74,251,70,123,11,129,160,239,112,76,138,139,198,12,73,154,254,121,254,193,246,141,19,214,251,240,216,245,139,180,110,209,95,66,229,73,169,148,161,60,154,165,2,157,39,38,68,202,13,115,163,25,18,197,195,180,142,169,80,168,43,177,225,56,233,105,35,119,101,140,51,22,90,120,75,122,104,224,161,17,20,193,140,231,17,151,233,116,190,208,189,185,239,129,28,139,240,88,73,46,199,210,30,37,186,173,174,73,17,161,42,25,29,75,1,81,121,106,75,190,144,77,104,80,95,140,228,113,125,247,158,149,88,204,42,18,193,45,115,51,171,208,165,135,47,249,74,127,212,165,179,56,14,8,153,150,4,58,4,146,150,46,108,213,159,227,30,133,119,222,226,95,189,215,219,6,83,179,174,154,169,178,231,141,63,234,152,178,101,244,66,151,70,229,249,21,36,127,196,37,229,169,67,245,207,29,148,60,144,97,118,202,129,248,175,99,43,217,172,205,11,32,104,40,146,4,143,126,112,9,226,155,18,118,221,31,105,10,151,209,238,235,235,54,227,223,213,99,219,190,30,15,124,40,60,236,132,115,116,56,10,231,65,142,7,46,249,3,20,6,174,110,117,57,82,7,87,207,31,52,86,130,54,159,66,114,135,140,35,26,240,106,122,131,169,167,202,183,223,201,87,121,159,187,46,51,246,100,101,48,87,126,164,11,60,166,229,104,16,175,119,225,77,60,73,68,226,142,101,251,215,154,187,203,51,95,32,194,30,118,150,106,67,235,206,67,120,75,235,112,161,254,137,177,209,
Smooth: 1
MultiColor: 0
BlendMC: 0
MultiColors: 
Power: 2
FractalType: 6
Slopes: 0
SlopePower: 50
SlopeRatio: 50
SlopeAngle: 45
imag: 1
real: 1
SeedR: 0
SeedI: 0
FactorAR: 1
FactorAI: 0
