Re: -1.7802448946725649640275824843228888506414496528892243213878631582
Im: -0.0102471164957960261979986807926661491670461434779063680202020046
Zoom: 6.00000000000E46
Iterations: 51900
IterDiv: 4.000000
SmoothMethod: 0
ColorMethod: 0
ColorOffset: 0
Rotate: 5.059589
Ratio: 1080.000000
Colors: 105,72,34,41,117,25,114,160,156,144,172,163,183,151,123,195,119,201,120,101,196,121,106,46,26,122,31,122,131,138,72,129,126,227,124,109,130,127,217,229,139,216,54,147,66,137,136,49,3,109,127,155,87,90,93,91,88,234,128,220,141,171,226,180,187,88,66,157,78,82,97,127,66,51,60,120,58,64,178,120,212,171,193,225,196,222,109,85,180,114,118,93,138,15,26,40,148,30,42,86,107,194,245,202,211,122,245,123,211,200,151,34,100,157,124,15,32,17,12,29,168,93,171,122,199,185,227,253,126,141,214,183,144,111,180,65,20,37,67,7,26,97,82,150,126,186,151,207,245,119,153,216,207,191,123,203,52,37,52,118,18,36,15,78,134,175,168,114,101,223,102,253,205,219,111,133,221,187,63,74,22,44,58,116,84,126,41,149,79,179,190,80,148,181,218,211,136,227,138,93,96,108,81,90,70,102,130,58,133,52,132,151,57,132,146,206,227,130,222,131,121,115,181,123,126,25,129,144,123,125,36,24,113,37,199,106,187,116,116,203,250,143,125,97,165,162,159,161,165,18,125,32,112,81,26,73,65,164,186,96,174,170,156,125,187,202,193,132,194,189,74,133,41,81,60,28,56,31,143,168,73,139,135,159,115,238,226,213,105,222,210,167,146,59,7,51,42,131,8,130,42,52,102,218,153,95,128,237,221,235,241,224,84,160,81,131,53,68,25,0,126,111,39,69,108,142,72,188,233,216,186,245,227,155,171,103,126,66,102,46,7,133,99,37,45,62,129,49,201,216,201,134,234,217,238,174,119,78,84,138,151,30,150,0,48,33,142,119,32,65,189,179,231,209,195,137,168,126,211,103,173,74,63,173,
Smooth: 1
MultiColor: 0
BlendMC: 0
MultiColors: 
Power: 2
FractalType: 7
Slopes: 0
SlopePower: 50
SlopeRatio: 50
SlopeAngle: 45
imag: 1
real: 1
SeedR: 0
SeedI: 0
FactorAR: 1
FactorAI: 0
