Re: 2.852888147883775374318087
Im: -0.040826480648520679861093
Zoom: 6.00000E6
Iterations: 3001
IterDiv: 1.000000
SmoothMethod: 0
ColorMethod: 0
ColorOffset: 1000
Rotate: 0.000000
Ratio: 360.000000
Colors: 0,0,0,42,220,106,4,216,37,105,105,251,85,183,114,11,146,246,19,76,162,141,59,81,93,66,164,190,98,140,253,82,10,175,132,36,154,41,215,44,189,77,7,6,49,46,239,243,192,190,196,33,114,55,237,44,1,186,20,228,141,54,125,81,145,140,150,244,22,241,208,80,38,147,174,169,132,127,27,12,154,194,1,143,179,206,23,218,106,32,251,230,98,32,128,5,56,73,73,35,182,137,151,75,74,235,95,109,182,115,160,94,8,73,243,32,205,27,100,100,130,188,128,77,75,17,175,119,232,45,196,56,228,187,211,37,15,156,66,216,47,210,35,241,243,157,193,91,40,227,121,209,47,213,204,160,175,208,178,174,135,129,48,187,7,77,44,231,95,240,129,116,87,100,79,206,65,4,148,200,44,241,1,41,91,181,6,103,246,38,48,178,254,141,180,52,134,8,76,152,33,45,65,201,151,240,201,252,220,199,148,240,66,12,162,116,237,162,87,43,135,219,209,140,54,153,121,44,203,180,216,64,61,156,173,93,85,64,60,131,170,46,232,90,208,251,4,187,205,229,231,114,204,183,62,67,22,237,167,43,61,25,123,231,154,133,234,187,250,26,78,108,149,128,185,142,64,135,208,6,227,198,221,199,44,130,31,223,133,209,101,183,68,254,219,150,34,48,35,104,239,71,167,190,132,7,46,21,248,120,174,91,23,140,97,175,15,3,27,105,109,140,219,90,72,45,160,85,188,228,126,237,155,143,240,129,94,9,112,118,98,150,69,196,81,129,157,180,221,3,219,232,181,103,50,155,177,108,115,42,80,235,35,211,101,185,209,189,13,207,166,57,228,168,62,72,121,235,182,93,255,74,7,100,
Smooth: 1
MultiColor: 0
BlendMC: 0
MultiColors: 
Power: 3
FractalType: 43
Slopes: 0
SlopePower: 50
SlopeRatio: 50
SlopeAngle: 45
imag: 1
real: 1
SeedR: 0
SeedI: 0
FactorAR: 2.5
FactorAI: 0
