Re: -0.820557794640521935961444436169749898255249899769
Im: -0.0002587941372960997289057374918824374725159563915
Zoom: 1.93428131138E25
Iterations: 5049
IterDiv: 2.000000
SmoothMethod: 0
ColorMethod: 0
ColorOffset: 0
Rotate: 0.000000
Ratio: 360.000000
Colors: 147,179,114,230,119,126,91,85,5,146,204,130,18,34,46,135,206,151,194,81,184,136,124,144,182,176,245,6,44,95,124,218,160,135,51,69,168,164,42,208,138,119,28,70,36,122,212,197,70,36,136,180,196,196,212,97,208,77,106,98,133,190,174,19,37,21,171,215,96,188,63,74,134,146,72,155,155,201,0,57,114,152,217,242,139,40,150,182,183,138,176,115,143,16,89,15,133,201,126,80,34,28,206,208,132,186,77,163,65,128,138,124,172,250,29,46,112,204,218,183,174,49,84,129,168,52,129,133,111,4,73,19,180,210,177,140,35,116,188,199,193,141,93,213,14,110,118,147,186,196,93,39,36,225,216,103,153,60,61,59,151,56,118,151,177,48,60,98,230,216,240,154,39,157,123,186,161,104,110,162,20,93,31,205,199,129,137,35,15,188,210,115,106,73,139,23,133,126,162,168,248,107,49,123,234,218,206,117,46,102,58,172,68,117,128,109,71,77,7,247,208,157,128,34,93,117,201,183,84,89,210,44,115,133,224,183,216,130,40,55,182,217,117,73,57,57,40,155,45,176,146,155,119,63,78,234,215,232,81,37,157,64,189,179,119,106,180,97,97,52,253,196,138,101,36,10,113,212,102,71,70,114,76,138,110,236,164,238,120,51,127,172,218,225,46,44,120,67,176,90,187,124,115,128,81,2,223,206,141,49,34,69,78,204,169,123,85,201,124,119,142,248,179,233,73,42,76,112,218,137,64,54,60,111,159,40,238,142,135,106,66,57,159,213,216,28,37,150,100,193,191,194,102,196,134,102,75,205,193,154,23,37,12,99,213,95,129,66,92,148,142,91,233,159,221,48,54,124,115,218,237,64,42,137,
Smooth: 1
MultiColor: 0
BlendMC: 0
MultiColors: 
Power: 3
FractalType: 43
Slopes: 0
SlopePower: 50
SlopeRatio: 50
SlopeAngle: 45
imag: 1
real: 1
SeedR: 0
SeedI: 0
FactorAR: 2.529
FactorAI: 0
