Re: -0.8628142530008054593839313087803830330310661485659955760577461615269951155
Im: -0.042677203829801389012257864062856835761584978981332442238341286885682906
Zoom: 1.70000000000E53
Iterations: 150001
IterDiv: 0.400000
SmoothMethod: 0
ColorMethod: 1
ColorOffset: 0
Rotate: 0.000000
Ratio: 360.000000
Colors: 183,126,208,218,189,150,234,232,131,232,241,194,212,211,217,182,150,123,152,79,26,130,23,46,122,1,120,130,21,115,150,78,60,174,151,87,193,216,199,199,250,247,188,242,176,159,195,108,117,126,135,73,59,170,34,16,103,11,11,10,8,45,26,24,104,129,54,168,170,88,214,123,119,229,117,137,208,199,139,162,247,126,109,171,105,66,69,84,47,69,72,57,125,75,87,106,96,126,32,132,160,42,174,177,154,214,174,223,242,156,177,252,133,126,241,115,165,213,106,210,176,108,147,139,116,35,111,124,22,99,126,102,103,122,135,120,114,87,142,109,79,159,112,174,164,126,251,152,147,202,124,166,110,86,174,106,46,165,154,15,138,124,0,101,28,5,68,10,30,51,107,67,59,183,109,94,154,144,144,116,165,193,171,170,223,240,159,221,194,139,185,79,118,126,44,105,64,103,108,20,122,126,11,58,158,42,36,195,103,129,228,173,226,247,230,206,248,252,133,228,232,138,192,175,192,149,102,165,108,36,54,78,2,6,65,10,77,69,57,145,87,126,117,109,194,83,129,237,149,136,241,243,127,207,226,104,148,124,72,84,83,40,39,129,16,24,136,10,45,54,24,90,6,56,144,82,99,186,184,144,205,183,180,196,128,202,165,147,205,126,221,191,93,210,168,76,99,144,79,29,128,96,75,125,119,126,138,138,87,164,147,42,194,145,106,219,137,218,231,129,231,224,126,151,198,131,117,157,138,166,111,144,173,69,140,78,40,126,1,30,106,50,39,87,142,61,79,147,89,88,98,113,115,128,126,151,224,123,185,242,105,202,146,80,193,70,54,159,99,38,109,136,39,60,81,58,30,13,93,32,58,138,67,173,
Smooth: 1
MultiColor: 0
BlendMC: 0
MultiColors: 
Power: 3
FractalType: 43
Slopes: 0
SlopePower: 50
SlopeRatio: 50
SlopeAngle: 45
imag: 1
real: 1
SeedR: 0
SeedI: 0
FactorAR: 2.7
FactorAI: 0
