Re: 0.743793243965251641858396872977819323957696875
Im: 0.693766752964511127963644608341906979839083434623
Zoom: 1.00000000000E24
Iterations: 12001
IterDiv: 2.000000
SmoothMethod: 0
ColorMethod: 0
ColorOffset: 966
Rotate: 0.000000
Ratio: 360.000000
Colors: 0,0,0,108,228,228,217,146,77,87,187,119,65,216,98,67,210,129,142,140,209,51,172,215,64,55,239,92,6,37,162,10,230,5,189,203,178,181,182,9,188,139,153,113,142,58,91,247,219,250,108,26,181,227,139,105,255,154,222,70,38,48,66,234,12,71,224,169,69,119,1,119,134,240,35,172,90,96,75,4,23,23,158,234,17,105,43,246,13,83,12,180,249,98,173,167,218,209,107,141,5,241,97,229,146,206,126,175,14,16,219,115,112,31,76,132,78,139,54,134,81,170,160,46,231,131,140,73,55,234,135,0,90,237,127,90,200,111,213,2,16,19,179,75,205,92,160,113,213,18,81,34,179,231,194,60,88,90,134,217,13,220,92,137,172,49,2,222,16,26,78,46,202,49,122,148,21,20,192,56,13,197,38,208,27,81,156,103,180,176,68,93,67,237,17,176,99,135,147,121,82,22,17,186,162,49,217,86,50,144,212,97,93,110,93,154,113,49,83,54,99,77,109,224,193,102,206,253,231,181,218,52,118,172,71,46,2,221,119,154,11,24,5,117,47,211,158,136,157,207,18,50,205,249,170,103,111,143,189,249,161,131,126,22,100,36,24,19,81,251,253,103,136,243,122,251,234,190,144,161,136,115,255,225,90,124,163,252,53,175,3,43,247,187,40,40,5,198,171,239,247,84,18,198,145,107,93,123,245,245,219,237,24,101,66,205,115,157,255,166,251,15,203,27,82,35,127,113,63,217,41,77,92,176,95,190,14,198,211,125,186,64,40,116,54,236,4,126,126,37,103,110,169,248,59,82,27,133,44,249,251,167,185,178,232,215,139,87,231,77,6,138,160,105,31,63,203,82,109,123,229,221,130,90,
Smooth: 1
MultiColor: 0
BlendMC: 0
MultiColors: 
Power: 3
FractalType: 43
Slopes: 0
SlopePower: 50
SlopeRatio: 50
SlopeAngle: 45
imag: 1
real: 1
SeedR: 0
SeedI: 0
FactorAR: -0.57143
FactorAI: 1.61905
