Re: -0.7636904125581981356070460503994518419714
Im: 0
Zoom: 5.5000000000E11
Iterations: 30001
IterDiv: 2.000000
SmoothMethod: 0
ColorMethod: 4
ColorOffset: 0
Rotate: 0.000000
Ratio: 360.000000
Colors: 155,69,129,17,198,238,82,129,15,131,129,103,70,103,122,208,79,190,94,169,118,116,248,223,3,129,244,196,14,108,75,181,149,14,2,250,204,153,20,237,180,217,173,94,239,185,152,55,211,8,251,92,189,125,66,213,168,249,89,47,254,13,30,31,173,188,22,105,126,130,94,0,163,149,229,111,142,106,217,119,10,123,95,250,132,72,135,24,169,155,127,151,55,17,7,136,12,214,36,39,132,176,25,4,1,63,147,96,203,131,36,218,27,158,242,75,114,219,177,238,47,240,206,196,97,128,237,54,218,228,150,253,133,43,43,63,249,95,30,250,77,10,96,166,46,249,29,22,48,64,166,160,98,127,175,125,37,99,186,114,62,111,211,176,41,252,126,250,176,126,238,5,189,10,119,36,109,21,70,37,101,127,80,117,105,208,136,139,43,193,85,132,96,254,67,11,25,42,249,124,81,35,107,73,194,136,80,156,254,121,215,62,186,158,149,183,109,107,194,183,26,162,166,180,105,25,78,213,253,189,131,15,2,215,253,142,5,142,211,86,9,173,54,42,215,167,95,172,149,217,198,199,154,14,149,74,129,72,92,213,124,190,6,249,235,33,12,155,46,35,232,153,183,58,205,177,99,161,149,158,10,161,251,131,85,14,10,141,207,20,213,212,63,52,105,131,54,137,0,57,228,80,119,175,47,167,2,154,7,149,31,211,243,75,200,181,240,169,237,198,124,4,33,154,238,39,148,245,8,151,65,48,207,28,104,222,154,124,63,175,106,138,229,148,121,95,151,35,22,232,38,62,175,161,168,239,48,159,110,151,140,212,55,72,152,143,163,111,32,66,235,182,53,136,206,40,196,102,207,150,109,209,157,58,
Smooth: 1
MultiColor: 0
BlendMC: 0
MultiColors: 
Power: 3
FractalType: 43
Slopes: 0
SlopePower: 50
SlopeRatio: 50
SlopeAngle: 45
imag: 1
real: 1
SeedR: 0
SeedI: 0
FactorAR: 2.5
FactorAI: 0
