Re: 0.4953907625182831576073482296642396868008230059155
Im: -0.070178258788620726046732972715217393692607065215
Zoom: 1.40000000000E25
Iterations: 3001
IterDiv: 3.000000
SmoothMethod: 0
ColorMethod: 0
ColorOffset: 0
Rotate: 0.000000
Ratio: 360.000000
Colors: 75,19,136,115,44,100,152,166,140,177,142,67,8,107,37,215,214,183,112,237,238,137,120,120,46,117,93,236,171,133,85,73,63,88,4,54,155,102,204,160,129,232,94,61,103,73,135,87,239,241,128,54,174,62,132,127,73,106,204,222,222,165,221,12,37,85,165,66,82,156,126,126,120,48,64,72,45,93,163,179,235,181,189,206,24,121,67,181,193,80,128,238,125,156,118,69,18,72,114,240,140,244,92,85,187,106,1,51,109,91,81,199,165,127,86,101,77,73,133,133,215,247,248,93,196,165,116,106,36,88,160,85,242,158,132,16,30,85,155,34,151,137,129,247,167,89,142,37,58,24,168,183,93,177,226,138,55,137,95,138,161,166,145,222,241,171,117,117,7,35,16,227,108,103,104,103,145,126,16,104,65,87,177,227,196,230,84,146,93,81,131,13,177,234,117,138,208,153,101,87,113,76,111,185,245,146,216,37,38,69,140,15,14,116,133,133,207,135,160,16,82,120,168,180,190,165,248,198,97,151,48,93,124,20,158,192,150,179,117,166,14,12,125,199,78,191,120,125,179,147,48,31,30,88,31,240,216,168,88,187,170,96,127,127,132,205,188,181,207,159,89,74,17,72,64,46,229,131,185,72,60,172,124,14,127,96,135,183,234,180,138,12,112,9,161,168,65,147,252,202,144,161,171,54,87,125,166,151,176,179,119,119,38,6,5,160,56,87,137,147,217,165,93,167,10,95,121,236,223,167,97,219,102,116,123,6,86,164,111,215,194,228,84,69,160,76,26,114,197,116,158,115,91,87,108,30,12,81,135,135,246,218,236,25,145,149,148,149,107,126,236,148,188,166,75,25,57,23,169,107,160,171,122,239,
Smooth: 1
MultiColor: 0
BlendMC: 0
MultiColors: 
Power: 4
FractalType: 46
Slopes: 0
SlopePower: 50
SlopeRatio: 50
SlopeAngle: 45
imag: 1
real: 1
SeedR: 0
SeedI: 0
FactorAR: 1.5
FactorAI: 0
