Re: -0.76369041362349834412622612350583089794521438426151440116586653706763397619623262
Im: 0
Zoom: 9.00000000000E28
Iterations: 30001
IterDiv: 2.000000
SmoothMethod: 0
ColorMethod: 4
ColorOffset: 0
Rotate: 0.000000
Ratio: 360.000000
Colors: 211,215,130,205,177,168,13,111,74,169,230,142,45,124,55,125,245,164,135,123,120,233,140,50,65,253,64,132,65,95,55,135,193,128,47,206,155,37,233,235,170,12,55,49,127,210,87,191,85,20,127,186,71,213,185,217,193,31,241,39,53,237,76,4,15,73,188,109,234,178,210,126,4,192,211,53,239,11,13,121,138,72,107,91,48,181,72,155,47,184,129,110,124,194,206,126,165,122,82,51,6,24,112,49,64,14,225,34,231,238,3,181,123,136,116,230,154,82,224,129,115,14,23,225,126,166,99,254,107,91,24,167,88,30,108,11,70,62,137,126,206,68,225,122,16,28,194,228,237,117,42,145,118,105,220,9,163,97,179,139,73,51,55,81,70,142,110,20,254,152,245,211,12,213,78,209,49,75,124,221,144,228,205,213,30,19,248,109,84,186,103,45,39,76,214,185,57,47,29,85,81,100,74,168,9,105,243,192,198,94,203,87,237,104,114,85,84,83,146,150,247,123,39,236,237,236,30,104,154,200,34,213,37,233,179,134,44,200,120,82,183,157,214,220,107,200,193,24,1,112,210,10,246,106,154,209,131,92,55,229,207,34,36,157,100,112,86,244,223,185,132,140,236,80,198,243,114,206,97,38,11,179,225,83,183,80,105,227,209,228,72,184,66,5,204,179,244,65,91,122,138,6,191,120,78,191,194,37,106,64,251,135,92,100,231,249,164,244,60,43,191,203,121,106,89,56,194,33,191,164,235,160,147,117,211,29,195,50,243,248,187,231,54,68,218,203,11,130,35,32,185,175,54,91,244,130,126,133,173,239,171,225,46,239,99,207,101,131,52,240,128,246,206,139,187,99,111,47,118,120,158,154,139,121,
Smooth: 1
MultiColor: 0
BlendMC: 0
MultiColors: 
Power: 3
FractalType: 43
Slopes: 0
SlopePower: 50
SlopeRatio: 50
SlopeAngle: 45
imag: 1
real: 1
SeedR: 0
SeedI: 0
FactorAR: 2.5
FactorAI: 0
