Re: -0.837153961051454704244948471050225
Im: -0.02411743164813871066908532400324
Zoom: 4.00000000000E14
Iterations: 3001
IterDiv: 2.000000
SmoothMethod: 0
ColorMethod: 0
ColorOffset: 0
Rotate: 0.000000
Ratio: 360.000000
Colors: 51,25,23,130,193,112,79,96,208,132,141,117,98,162,250,25,249,146,79,234,78,119,51,205,69,246,195,47,33,154,114,145,244,119,19,67,90,14,52,111,103,113,174,90,222,168,122,231,164,82,198,93,116,143,72,105,211,30,211,103,71,195,40,221,196,236,14,72,103,147,165,28,103,102,247,6,72,38,208,116,81,77,208,87,65,243,190,39,62,242,31,40,14,73,7,237,137,190,48,26,78,200,73,110,182,171,144,0,6,229,163,200,233,201,147,98,29,106,59,15,108,186,208,253,222,243,185,200,45,54,160,64,121,114,201,109,61,136,162,208,130,173,156,236,82,15,58,5,112,187,103,40,70,190,13,107,31,138,227,118,150,156,135,66,78,92,204,33,228,69,85,255,34,69,99,231,118,103,235,201,162,175,236,122,180,69,255,252,57,215,48,0,174,56,12,169,55,77,251,147,148,41,208,20,80,119,159,193,59,24,206,52,27,14,111,13,159,153,205,55,148,159,69,109,91,81,88,252,155,12,254,202,51,125,60,151,115,9,248,131,139,108,13,208,67,160,155,234,237,0,160,164,152,173,205,197,135,49,146,195,226,98,124,206,170,137,192,16,242,196,24,52,77,169,205,37,131,44,21,24,136,195,160,204,174,200,110,16,25,30,227,135,115,23,29,168,226,149,133,8,55,112,164,220,105,24,57,185,65,124,136,159,86,42,244,54,60,183,208,87,249,97,115,206,184,243,138,95,194,233,179,7,169,213,71,131,198,1,118,23,230,86,154,136,65,124,197,106,172,67,156,162,15,66,105,35,24,190,107,251,49,205,113,147,176,186,167,50,78,172,175,196,219,131,243,218,48,3,58,241,100,52,122,247,
Smooth: 1
MultiColor: 0
BlendMC: 0
MultiColors: 
Power: 3
FractalType: 43
Slopes: 0
SlopePower: 50
SlopeRatio: 50
SlopeAngle: 45
imag: 1
real: 1
SeedR: 0
SeedI: 0
FactorAR: 2.5
FactorAI: 0
