Re: 0.7437932439652516418583968758472271450066334213806397093081060156
Im: 0.69376675296451112796364460352720724124516161880573095869021477805
Zoom: 2.00000000000E44
Iterations: 50002
IterDiv: 2.000000
SmoothMethod: 0
ColorMethod: 4
ColorOffset: 0
Rotate: 0.000000
Ratio: 360.000000
Colors: 0,128,70,192,204,255,160,128,192,128,64,0,38,83,157,64,192,96,130,82,73,90,185,153,245,27,107,227,54,56,179,109,168,238,167,142,152,107,146,234,102,152,132,233,45,54,13,104,166,44,69,174,74,31,15,161,183,68,159,57,85,114,58,54,57,124,61,14,74,189,97,42,162,244,61,81,55,83,13,101,186,210,177,77,191,201,249,50,31,190,31,238,154,123,149,193,193,100,1,70,20,8,135,166,103,246,70,12,138,210,37,89,40,168,207,24,240,127,252,180,243,50,243,232,77,123,76,120,8,81,251,31,61,116,138,200,124,70,166,1,110,220,221,172,185,85,166,247,36,106,162,143,252,71,33,17,182,153,232,194,213,233,50,127,15,40,244,247,171,139,101,23,45,153,190,198,53,130,62,211,165,178,114,43,2,166,179,80,29,254,240,6,242,212,174,80,208,77,76,154,186,109,140,56,14,48,79,15,100,214,160,146,185,126,244,241,205,246,176,140,201,210,236,174,37,187,119,120,201,10,27,27,114,150,34,75,88,201,24,240,14,250,211,30,169,246,177,71,36,224,33,175,3,60,101,33,55,70,150,225,66,136,232,225,155,171,47,55,84,142,162,207,250,149,223,93,189,68,48,150,208,12,13,160,19,100,226,199,240,28,18,113,130,238,59,84,253,87,188,230,74,165,116,21,241,80,205,57,60,141,249,71,154,33,124,71,65,115,235,8,23,230,243,18,211,101,156,220,95,64,207,63,129,54,23,43,187,211,164,153,112,252,149,192,71,200,119,140,213,145,8,76,118,75,65,171,123,21,148,225,139,14,115,42,67,106,17,119,32,197,108,100,159,182,139,107,162,168,4,87,22,229,194,251,
Smooth: 1
MultiColor: 0
BlendMC: 0
MultiColors: 
Power: 3
FractalType: 43
Slopes: 0
SlopePower: 50
SlopeRatio: 50
SlopeAngle: 45
imag: 1
real: 1
SeedR: 0
SeedI: 0
FactorAR: -0.57143
FactorAI: 1.61905
