Re: 0.495390762518283157607348257428688722989835627423414830825
Im: -0.070178258788620726046733056071394840444417637862564443165
Zoom: 2.00000000000E38
Iterations: 4011
IterDiv: 5.000000
SmoothMethod: 0
ColorMethod: 0
ColorOffset: 0
Rotate: 0.000000
Ratio: 360.000000
Colors: 165,176,174,166,162,140,197,205,172,28,54,23,122,140,123,48,26,30,148,76,100,212,126,160,128,86,116,196,237,252,23,133,127,97,213,189,99,151,117,123,78,49,245,133,120,108,0,7,170,126,152,43,78,111,63,138,167,152,215,227,110,131,122,252,240,213,110,95,62,123,126,98,77,86,75,34,20,31,190,138,166,117,49,83,231,195,222,129,165,174,70,171,159,110,221,192,26,76,43,204,159,133,146,30,23,188,73,86,154,106,135,26,66,99,128,219,244,45,126,132,194,224,209,186,166,135,139,103,69,168,148,124,6,4,0,124,119,136,87,56,87,168,120,153,224,197,219,99,129,131,162,250,232,13,113,81,103,151,118,142,98,77,140,25,24,245,126,146,79,29,61,133,177,209,45,148,168,76,173,172,192,230,209,125,97,65,238,181,149,84,41,23,87,76,79,87,90,112,56,47,80,224,198,229,131,112,129,204,227,223,105,176,153,40,126,93,125,167,136,57,16,1,230,119,125,156,39,64,153,102,135,129,174,204,7,119,133,145,253,246,83,126,101,210,175,141,190,114,85,101,37,25,142,122,131,0,12,39,143,157,191,129,126,154,176,167,177,218,232,222,62,115,87,135,203,170,22,57,30,123,87,78,182,81,93,142,32,61,226,176,210,48,94,119,107,223,230,64,180,166,99,147,117,227,187,153,125,33,9,208,126,120,58,29,44,66,87,117,113,150,183,84,105,128,247,248,252,128,134,117,165,196,165,85,133,100,28,56,34,154,124,121,90,2,20,240,140,171,149,102,135,111,155,176,112,227,228,8,126,107,173,224,192,119,76,44,208,104,85,177,80,81,60,23,44,127,155,188,14,72,103,169,212,230,
Smooth: 1
MultiColor: 0
BlendMC: 0
MultiColors: 
Power: 4
FractalType: 46
Slopes: 0
SlopePower: 50
SlopeRatio: 50
SlopeAngle: 45
imag: 1
real: 1
SeedR: 0
SeedI: 0
FactorAR: 1.5
FactorAI: 0
