Re: -0.8205577946405219359614444363586669170989311562635
Im: -0.00025879413729609972890573736772448714878393758
Zoom: 1.00000000000E27
Iterations: 8000
IterDiv: 2.000000
SmoothMethod: 0
ColorMethod: 0
ColorOffset: 0
Rotate: 0.519086
Ratio: 360.000000
Colors: 131,117,24,60,120,40,94,209,203,148,245,235,144,176,81,126,127,4,144,182,135,145,247,251,90,203,154,63,117,10,139,121,65,223,193,225,173,191,217,39,99,54,21,53,14,157,111,165,253,154,249,168,91,123,30,13,2,36,40,93,161,117,241,216,106,193,145,24,32,75,13,32,94,98,193,137,143,241,132,85,93,125,39,2,154,102,123,159,186,249,93,168,165,48,99,14,122,117,54,226,209,217,195,235,225,54,164,65,8,126,10,133,193,154,248,252,251,189,200,135,49,120,4,31,138,81,140,211,235,206,198,203,154,103,40,90,69,24,100,132,182,129,165,245,120,91,105,118,19,1,161,55,111,174,125,247,101,99,177,36,16,20,101,15,44,222,100,208,215,132,232,73,66,76,1,28,6,108,99,141,238,176,251,205,147,148,70,82,7,31,113,70,122,206,228,193,222,213,159,149,49,104,125,17,109,201,171,126,253,248,108,195,117,107,123,1,163,155,99,190,225,243,114,202,188,29,108,27,80,86,36,213,154,198,232,175,238,96,93,87,0,28,3,84,72,129,222,134,250,216,95,160,92,11,12,36,20,59,108,104,221,177,122,221,158,49,59,116,20,12,120,97,160,128,165,250,98,126,129,94,66,3,160,109,87,205,202,238,131,206,198,27,133,36,58,123,27,199,206,188,245,251,243,120,186,99,4,125,1,64,170,117,203,238,248,222,204,171,112,112,17,46,103,49,98,174,213,162,184,228,153,96,70,123,39,7,132,91,147,135,144,251,92,92,141,78,10,6,152,29,76,216,110,232,151,113,208,30,35,44,38,15,20,179,97,177,252,154,247,145,105,111,15,52,1,48,105,105,182,195,245,221,188,182,
Smooth: 1
MultiColor: 0
BlendMC: 0
MultiColors: 
Power: 3
FractalType: 43
Slopes: 0
SlopePower: 50
SlopeRatio: 50
SlopeAngle: 45
imag: 1
real: 1
SeedR: 0
SeedI: 0
FactorAR: 2.529
FactorAI: 0
