Re: -0.02675972231904481468201464291957
Im: -0.76351952454648958772258148443524
Zoom: 6.40000000000E12
Iterations: 3001
IterDiv: 3.000000
SmoothMethod: 0
ColorMethod: 0
ColorOffset: 0
Rotate: 0.000000
Ratio: 360.000000
Colors: 169,187,142,177,177,78,123,127,94,157,191,213,119,163,163,24,21,12,114,41,96,251,162,251,160,144,144,39,126,12,98,218,121,142,184,212,110,35,123,173,48,84,202,140,129,60,108,120,14,115,133,172,232,178,220,202,101,114,57,39,102,67,173,126,127,232,67,72,62,108,96,21,239,234,200,175,211,215,19,82,58,70,97,66,181,125,175,148,42,153,134,75,111,171,223,129,84,208,100,20,106,101,163,132,195,247,132,162,116,24,24,51,56,92,123,203,248,120,193,151,112,122,4,205,169,115,179,149,228,22,17,126,47,44,61,203,179,131,189,167,145,102,128,127,126,201,156,110,170,111,49,24,55,148,42,162,250,154,225,126,132,70,15,124,18,110,224,197,173,191,225,129,42,54,159,53,51,168,135,186,45,96,170,39,110,93,206,234,115,222,206,121,84,66,110,76,76,174,130,125,159,96,61,39,133,89,89,229,232,241,138,211,157,2,91,2,92,108,108,213,126,240,154,35,131,111,68,41,142,218,130,80,204,169,51,112,124,193,145,132,239,138,119,80,20,74,32,51,152,139,195,213,151,185,80,126,125,21,186,180,191,145,156,232,14,18,53,78,42,37,233,170,195,183,156,186,72,128,78,105,210,99,118,177,141,81,29,123,169,45,153,232,147,152,90,120,58,6,120,90,137,229,229,202,197,161,130,49,4,132,60,102,140,131,248,48,84,138,73,103,24,231,235,126,205,209,191,49,74,122,64,86,108,150,125,125,126,52,96,142,82,142,203,228,197,105,210,90,2,98,28,126,120,183,238,129,234,143,29,56,80,62,27,124,211,199,94,199,202,84,117,66,208,157,82,213,143,159,46,18,138,31,46,131,
Smooth: 1
MultiColor: 0
BlendMC: 0
MultiColors: 
Power: 4
FractalType: 46
Slopes: 0
SlopePower: 50
SlopeRatio: 50
SlopeAngle: 45
imag: 1
real: 1
SeedR: 0
SeedI: 0
FactorAR: 0
FactorAI: 0.5
