Re: -0.7436438870357466839469039352466183026692
Im: -0.1318259042124611194259982556315357708579
Zoom: 3.00000000000E17
Iterations: 20000
IterDiv: 48.000000
SmoothMethod: 0
ColorMethod: 0
ColorOffset: 0
Rotate: 0.000000
Ratio: 360.000000
Colors: 214,127,128,235,141,123,110,183,112,99,186,102,149,119,98,58,29,107,8,5,128,129,75,155,175,180,177,113,228,184,173,192,170,247,127,136,141,105,94,61,129,57,124,143,41,99,104,54,10,43,94,93,36,150,201,111,202,149,214,231,138,251,225,230,193,184,178,99,121,49,55,57,80,80,14,124,122,9,41,121,44,60,87,108,199,82,180,196,142,235,126,222,253,190,241,229,202,166,169,65,60,96,36,14,33,122,57,3,86,131,15,48,164,64,172,141,132,233,120,196,142,147,234,144,198,235,200,202,199,99,129,142,8,32,82,93,1,42,129,66,32,64,166,54,135,213,97,247,184,146,179,131,182,110,120,196,170,148,185,134,156,157,10,105,124,52,35,97,149,23,86,105,99,90,107,204,105,231,247,123,220,196,134,103,111,137,123,72,133,151,95,126,38,125,124,17,111,129,142,70,140,154,66,151,104,134,154,194,223,145,245,248,124,124,177,97,77,73,75,140,25,68,79,61,82,6,125,116,112,148,159,192,123,195,128,109,211,154,149,198,242,210,158,160,217,102,51,141,51,103,39,22,114,1,28,23,60,69,75,153,132,204,198,196,172,172,239,129,131,244,212,132,209,192,166,144,54,171,73,57,110,18,126,30,0,63,12,24,51,87,84,188,192,157,217,239,219,131,196,249,166,121,238,205,89,189,81,111,120,19,133,57,110,106,18,109,55,17,52,51,53,153,124,111,244,220,170,159,251,210,124,186,220,188,86,198,118,39,155,6,69,107,73,121,70,142,133,56,82,105,67,119,97,96,242,147,129,200,218,155,103,230,166,148,154,162,145,48,147,22,6,130,33,56,118,149,141,116,129,180,120,102,158,126,
Smooth: 1
MultiColor: 0
BlendMC: 0
MultiColors: 
Power: 2
FractalType: 0
Slopes: 0
SlopePower: 50
SlopeRatio: 50
SlopeAngle: 45
imag: 1
real: 1
SeedR: 0
SeedI: 0
FactorAR: 1
FactorAI: 0
