Re: -0.049991612597294582317354532811809187565961254150399424979551544962112262301622452745165938039704998790005
Im: 0.85658389128763842407017186364231598012169879191556519840044019800765576317672106711621293278258310049719
Zoom: 1.55413511378E85
Iterations: 80008
IterDiv: 8.000000
SmoothMethod: 1
ColorMethod: 0
ColorOffset: 0
Rotate: 0.000000
Ratio: 360.000000
Colors: 136,174,116,200,179,236,84,100,31,61,77,131,163,154,79,154,205,250,177,148,72,8,85,117,167,129,58,119,210,223,226,194,131,25,114,106,122,110,60,121,194,162,207,226,189,108,157,102,54,108,84,144,167,90,150,237,226,200,202,106,15,125,123,148,140,30,106,225,229,240,236,117,45,158,162,110,125,2,103,196,197,208,251,131,132,198,190,53,128,16,126,162,142,139,242,144,220,233,196,27,149,68,135,135,81,87,213,151,248,250,179,67,182,138,106,124,36,84,174,149,201,245,143,156,213,205,60,131,21,111,136,140,121,217,102,235,234,246,45,154,42,127,111,126,67,174,70,248,232,246,90,182,90,108,105,112,66,129,56,188,208,205,177,203,152,73,118,103,102,93,66,100,166,138,243,207,204,66,142,102,127,76,96,46,117,68,241,190,231,112,165,109,117,79,136,53,74,16,168,153,222,191,176,122,90,99,174,98,48,2,76,105,180,245,167,136,86,123,195,133,43,30,27,59,121,227,138,147,130,142,193,132,59,90,45,26,63,145,96,151,199,145,168,108,85,162,102,15,27,53,51,147,238,128,129,104,112,223,147,27,24,13,16,136,208,95,90,142,127,250,150,56,55,45,1,122,120,55,63,199,124,236,126,90,111,114,10,109,32,20,56,225,103,185,118,117,171,165,39,102,5,2,74,185,71,114,147,129,217,168,79,103,51,8,109,96,39,47,193,121,232,141,117,112,131,36,150,17,19,7,207,98,211,125,141,126,186,78,183,4,20,7,162,71,162,145,147,140,186,124,197,65,44,47,76,49,100,180,134,149,151,159,187,153,87,114,9,45,48,187,111,150,126,177,156,207,135,185,12,63,22,140,88,144,
Smooth: 1
MultiColor: 0
BlendMC: 0
MultiColors: 
Power: 4
FractalType: 51
Slopes: 0
SlopePower: 50
SlopeRatio: 50
SlopeAngle: 45
imag: 1
real: 1
SeedR: 0
SeedI: 0
FactorAR: 1
FactorAI: 0
