Re: 0.894375859868475097829363659553848229560257805853225411925
Im: 0.71132456071872626444564457167932744674277558568932869811
Zoom: 1.80000000000E39
Iterations: 40005
IterDiv: 5.000000
SmoothMethod: 0
ColorMethod: 0
ColorOffset: 0
Rotate: -1.026878
Ratio: 360.000000
Colors: 76,226,92,45,49,47,199,55,108,177,231,37,248,74,167,132,63,138,229,9,47,119,38,120,145,137,136,196,150,249,248,120,179,60,164,85,175,202,179,61,251,35,52,80,65,20,85,84,63,54,214,90,214,185,189,158,94,95,74,176,61,203,45,209,184,252,247,160,9,21,207,246,177,95,102,14,15,144,45,233,50,78,197,240,236,239,182,220,39,131,101,211,124,20,64,211,2,44,60,84,100,152,129,41,55,108,99,168,138,71,149,10,190,216,153,21,152,161,123,248,148,251,191,118,124,91,152,70,58,211,91,186,235,220,50,160,52,82,21,102,217,192,246,129,139,222,60,14,2,88,115,186,76,209,66,224,101,40,157,242,7,250,59,26,195,104,75,33,81,26,99,143,37,131,185,20,66,103,149,38,83,155,6,236,248,13,213,91,94,4,183,159,18,168,198,188,23,196,50,117,54,203,52,109,149,25,68,140,139,124,140,164,179,243,156,84,63,181,95,45,143,117,78,20,3,229,227,231,13,121,81,100,138,109,114,70,82,9,1,176,13,36,9,207,73,231,157,188,202,211,202,159,33,5,202,26,129,185,122,229,205,14,15,181,245,9,4,99,131,219,86,74,113,103,244,241,62,255,113,234,65,110,253,249,60,60,147,121,52,45,116,252,128,11,211,50,33,165,210,12,81,24,173,32,94,77,53,80,185,195,129,166,74,143,224,131,7,161,17,249,197,72,183,117,78,249,7,161,179,76,196,136,228,71,109,252,125,223,181,52,227,188,51,186,144,61,91,133,171,188,173,97,220,19,44,152,94,94,18,203,86,3,194,33,99,240,254,164,118,36,90,231,228,113,240,236,185,128,86,70,80,21,205,123,
Smooth: 1
MultiColor: 0
BlendMC: 0
MultiColors: 
Power: 6
FractalType: 40
Slopes: 0
SlopePower: 50
SlopeRatio: 50
SlopeAngle: 45
imag: 1
real: 1
SeedR: 0
SeedI: 0
FactorAR: 1
FactorAI: 0
