Re: -0.6341342152230730916633283643619047619047638839285
Im: -0.6866114196358106938039399244560317460311682745195
Zoom: 7.00000000000E24
Iterations: 3286
IterDiv: 10.000000
SmoothMethod: 0
ColorMethod: 0
ColorOffset: 0
Rotate: 0.000000
Ratio: 360.000000
Colors: 31,94,188,132,244,250,211,189,20,124,235,220,185,195,177,241,136,114,149,184,22,89,113,182,170,48,107,133,69,139,28,109,223,10,242,52,244,208,210,54,63,55,2,184,198,194,71,121,22,84,74,138,208,159,64,96,100,222,202,40,29,199,26,90,94,187,88,145,43,65,68,154,234,178,28,202,107,54,192,149,39,238,20,93,197,115,166,136,227,128,145,213,18,235,161,240,34,218,183,68,161,51,111,16,158,84,1,189,178,5,101,111,66,170,187,218,254,190,233,87,173,124,134,54,45,223,247,86,181,205,215,244,94,143,157,193,226,133,120,55,163,24,126,44,239,239,6,168,130,102,82,244,76,60,114,243,117,139,100,181,159,254,128,74,107,62,20,212,62,173,75,224,69,87,83,247,182,38,190,111,89,85,41,135,72,38,28,180,243,216,50,53,102,211,122,237,207,39,28,114,58,52,64,98,160,170,43,246,32,181,171,217,140,113,182,58,39,164,78,32,173,172,167,253,148,182,140,135,146,49,255,195,95,131,32,98,188,250,80,81,180,5,149,140,34,164,64,51,115,29,206,223,173,241,13,54,176,14,128,189,189,70,3,238,52,0,178,139,162,45,8,49,250,126,68,48,35,212,17,154,179,249,101,154,251,141,170,7,67,67,28,57,86,77,114,28,66,20,192,130,89,45,156,190,123,136,128,110,152,235,111,152,112,159,219,249,157,106,199,153,212,189,41,163,104,45,146,116,15,39,16,242,233,224,84,31,190,140,16,238,136,208,163,85,49,121,248,163,157,110,171,20,235,227,110,162,248,208,172,31,37,162,108,129,91,48,119,125,76,240,189,87,251,107,245,248,126,238,132,65,2,131,160,159,
Smooth: 1
MultiColor: 0
BlendMC: 0
MultiColors: 
Power: 2
FractalType: 0
Slopes: 0
SlopePower: 50
SlopeRatio: 50
SlopeAngle: 45
imag: 1
real: 1
SeedR: 0
SeedI: 0
FactorAR: 1
FactorAI: 0
