Re: 0.54431612826566092710044778951182381817875209632340328581120312495
Im: -0.00000000001443702246717365701691465211951384055962614018446288895
Zoom: 6.99999999999E30
Iterations: 20001
IterDiv: 4.000000
SmoothMethod: 0
ColorMethod: 0
ColorOffset: 0
Rotate: 0.000000
Ratio: 360.000000
Colors: 105,42,102,192,133,170,182,161,191,109,126,41,110,138,126,199,196,97,235,177,249,168,61,51,122,1,123,182,90,67,251,209,231,214,209,121,134,129,87,146,104,86,225,136,154,230,117,209,144,48,56,103,59,118,165,178,76,211,253,253,148,178,73,69,59,124,93,48,48,164,117,219,145,136,142,53,104,98,32,129,75,103,209,132,135,209,221,63,90,75,2,1,117,51,61,53,123,177,249,93,196,94,14,138,132,24,126,32,111,161,202,135,133,158,65,42,114,31,29,70,105,145,108,174,246,225,135,201,94,71,92,124,106,66,32,197,115,239,203,119,112,129,79,147,114,107,22,196,208,180,245,236,168,186,127,133,126,16,73,171,45,84,247,146,221,223,174,112,138,133,136,131,138,15,208,186,222,228,161,124,146,51,165,90,7,18,141,108,156,198,224,170,148,210,151,61,119,82,70,92,61,144,126,211,142,114,126,54,56,155,17,76,4,84,191,202,131,251,130,71,162,185,1,43,22,39,43,132,118,123,165,107,148,166,27,116,99,22,136,44,109,205,196,149,193,134,87,74,177,42,0,0,105,74,180,184,193,128,160,205,205,89,136,33,108,116,111,199,148,154,221,123,177,149,43,120,117,43,32,190,162,177,250,251,135,201,191,199,130,76,3,159,56,159,238,114,120,228,126,220,141,92,51,117,119,94,188,210,138,221,224,182,147,108,144,78,7,28,117,51,158,182,161,129,147,186,221,56,138,14,49,133,141,124,174,105,139,146,231,57,45,73,7,16,85,66,126,120,127,236,180,81,208,169,6,107,31,29,79,140,115,119,116,121,115,238,44,66,30,25,92,128,106,201,87,162,246,234,111,145,97,55,29,82,
Smooth: 1
MultiColor: 0
BlendMC: 0
MultiColors: 
Power: 4
FractalType: 46
Slopes: 0
SlopePower: 50
SlopeRatio: 50
SlopeAngle: 45
imag: 1
real: 1
SeedR: 0
SeedI: 0
FactorAR: 2
FactorAI: 0
