Re: 1.05717876520231872280689071207911000308847692853132363015
Im: -0.00621230859067582989108682008153036305774637848347674776
Zoom: 8.50705917302E37
Iterations: 10023
IterDiv: 4.000000
SmoothMethod: 0
ColorMethod: 0
ColorOffset: 0
Rotate: 0.000000
Ratio: 360.000000
Colors: 96,3,51,150,75,57,125,209,182,186,214,212,99,105,96,23,51,32,207,106,129,203,161,222,36,146,152,106,124,38,157,139,75,127,133,199,178,84,199,84,78,75,37,161,38,224,219,152,184,142,222,25,23,129,119,45,32,163,191,96,128,250,212,169,132,182,72,12,57,55,58,51,237,189,174,162,215,216,18,122,105,134,63,30,167,101,119,126,147,220,159,138,161,64,127,43,75,151,67,246,145,193,138,82,205,15,61,83,151,148,35,169,228,143,122,164,223,150,30,138,60,26,34,95,169,87,249,252,207,114,156,189,16,26,64,169,46,45,168,168,165,117,211,219,141,136,114,59,77,30,116,102,110,247,136,218,90,126,170,23,125,48,186,161,60,164,159,185,110,84,210,133,46,91,61,131,32,136,232,133,241,187,222,67,44,148,34,12,37,202,145,79,157,249,202,103,177,196,128,43,71,67,39,40,153,148,156,230,202,221,46,146,124,49,92,31,216,106,101,147,128,214,96,114,178,125,119,54,74,168,54,169,175,178,215,92,214,29,33,101,68,111,31,227,230,124,133,208,221,90,62,156,124,3,40,83,120,71,180,241,196,197,195,202,15,63,79,90,38,37,235,130,148,118,189,222,85,151,133,126,105,32,93,115,91,188,125,210,177,102,185,7,108,60,114,171,48,238,191,170,102,105,218,83,24,110,130,88,30,103,222,114,193,226,219,157,84,165,4,0,45,138,96,63,236,227,189,84,207,207,84,84,87,136,42,34,112,116,138,194,175,223,136,151,143,5,117,35,163,126,83,230,127,205,67,92,193,88,94,67,143,168,43,119,207,161,191,121,220,117,21,119,12,66,30,186,209,105,219,240,216,51,108,174,
Smooth: 1
MultiColor: 0
BlendMC: 0
MultiColors: 
Power: 3
FractalType: 43
Slopes: 0
SlopePower: 50
SlopeRatio: 50
SlopeAngle: 45
imag: 1
real: 1
SeedR: 0
SeedI: 0
FactorAR: 1.5
FactorAI: 0.5
